3,133,6
4,101,4
0,202,3
5,651,5
5,189,2
0,109,5
5,657,3
5,153,3
5,655,4
4,673,4
2,698,2
4,110,5
0,651,3
4,416,5
4,123,4
5,660,5
1,157,5
3,651,5
5,667,3
1,230,2
3,128,5
5,128,4
3,653,4
2,240,4
5,018,4
4,179,3
0,696,5
5,211,3
3,678,3
0,188,5
1,669,3
1,651,4
0,697,5
0,055,3
2,096,3
0,056,5
3,666,2
5,651,5
1,133,4
5,689,2
3,651,3
3,659,4
4,118,5
5,219,4
5,016,4
5,006,5
2,101,6
5,133,6
5,678,5
0,087,4
0,691,2
1,100,2
5,227,5
3,155,5
5,669,2
5,219,4
5,397,3
4,167,0
4,111,3
3,225,2
3,397,3
4,454,5
1,152,4
1,666,5
3,260,4
1,208,5
1,133,5
2,419,5
3,682,4
3,651,3
4,397,5
4,539,5
0,018,3
0,138,4
4,185,3
2,204,4
5,699,3
0,048,5
4,395,4
4,670,5
1,167,2
4,673,5
0,471,4
3,101,3
3,397,6
2,090,5
2,160,3
0,151,2
5,682,5
0,699,2
0,199,5
3,104,5
0,105,3
0,213,3
4,395,5
4,660,4
4,230,4
2,670,5
0,651,2
5,140,4
1,699,3
2,651,5
5,006,6
0,664,4
1,105,4
1,102,3
4,172,3
4,166,4
4,129,5
3,699,5
3,203,5
5,693,5
5,658,2
1,048,5
3,003,4
5,206,4
5,042,4
5,123,2
4,063,5
3,659,2
0,659,5
4,005,5
5,213,5
5,089,2
0,666,3
5,675,1
5,096,4
4,651,2
4,410,4
4,169,5
2,156,4
3,005,3
0,687,5
3,699,3
5,172,3
0,454,4
1,658,3
2,156,7
1,105,5
0,674,4
4,105,5
5,658,3
3,699,4
5,101,4
5,556,3
1,100,3
0,161,4
0,227,2
4,396,3
5,699,2
5,699,4
5,118,5
1,007,3
5,395,5
5,091,4
3,020,5
0,174,4
4,656,3
0,033,3
0,447,3
0,040,4
1,092,4
5,676,4
2,003,5
0,184,5
3,668,5
0,226,4
3,043,3
3,209,5
3,187,5
3,090,4
0,651,4
3,018,5
5,030,4
1,696,4
5,005,4
2,669,4
0,154,4
1,651,5
4,161,4
2,681,3
5,080,3
5,676,4
5,151,2
4,023,5
1,257,4
3,185,3
3,194,5
1,666,3
3,693,4
3,669,5
0,192,6
4,460,3
1,133,3
2,460,3
5,467,5
5,166,5
4,699,3
3,688,4
5,219,5
0,460,2
5,651,2
5,202,4
3,666,4
5,660,5
2,174,3
0,651,4
2,676,4
1,651,2
3,675,2
4,667,2
3,479,4
4,048,4
0,666,6
4,683,3
0,006,3
5,209,4
3,170,2
3,698,3
2,651,3
3,659,4
0,669,5
5,654,4
2,696,3
2,179,2
2,664,4
2,201,3
5,161,4
5,133,3
5,653,5
3,657,5
0,118,5
0,478,5
0,457,4
4,004,4
5,136,3
3,666,4
0,160,3
5,651,2
3,186,3
0,125,3
1,128,4
3,668,2
0,128,3
0,669,5
1,651,6
2,666,4
2,211,4
4,096,3
5,669,5
3,513,4
4,189,5
1,666,4
0,699,3
3,004,3
5,669,5
0,672,5
0,659,4
0,651,4
0,096,5
0,239,5
0,187,3
2,217,3
3,396,3
0,101,3
0,181,5
2,133,4
2,123,4
1,547,5
1,215,4
4,659,2
3,018,5
4,460,4
5,177,4
4,697,2
1,699,5
0,020,2
5,699,3
3,669,3
3,697,3
4,201,5
4,227,6
0,696,3
2,668,5
3,691,5
0,151,5
1,189,3
0,697,2
1,673,5
4,680,5
4,575,2
2,233,3
4,668,5
2,185,2
4,259,5
0,006,2
5,470,5
3,680,3
0,042,6
5,020,4
1,211,4
4,409,2
1,659,4
5,186,3
5,699,0
3,240,5
4,005,5
2,676,4
5,658,3
4,057,2
5,055,3
4,105,2
3,668,5
3,688,5
2,674,3
5,091,3
4,699,4
2,670,5
5,209,2
3,107,3
3,162,3
3,669,7
1,699,5
3,244,4
3,172,4
5,105,3
4,105,3
0,196,5
4,214,4
5,670,3
2,669,3
0,128,3
3,669,5
3,156,4
5,687,4
3,201,3
0,255,5
1,068,4
0,052,4
1,226,4
2,065,3
0,667,3
0,199,3
4,653,5
5,006,2
4,223,3
4,096,5
3,660,5
5,203,4
2,682,6
2,107,4
5,669,2
3,651,5
4,419,5
4,119,5
5,500,5
1,660,3
2,128,5
0,153,4
4,153,7
0,249,3
2,666,3
5,139,4
5,699,4
5,182,3
2,699,5
0,168,2
4,666,3
5,061,5
4,251,3
5,150,4
2,020,3
3,500,4
4,654,4
0,264,5
0,105,4
0,020,4
1,666,3
0,656,5
1,682,3
5,057,5
3,467,2
5,181,2
0,006,4
5,095,2
0,264,5
4,677,5
3,669,3
4,653,5
0,667,7
2,228,2
3,653,3
3,043,5
0,219,3
4,669,4
3,172,5
0,002,3
4,254,5
1,167,4
5,160,3
5,209,4
2,208,4
4,065,4
1,659,5
4,209,4
3,675,3
0,699,4
0,681,4
1,055,3
4,055,3
4,096,4
4,015,5
3,479,5
1,031,6
3,666,5
3,156,4
3,695,3
0,659,4
5,061,5
1,088,4
5,061,2
5,100,4
4,214,2
2,478,4
3,123,5
4,048,4
2,699,2
4,002,1
4,699,3
5,209,2
5,124,5
5,002,3
1,101,3
1,027,4
1,081,4
0,227,3
5,248,2
2,651,3
4,229,2
4,675,5
2,168,2
5,227,5
2,698,4
5,466,4
5,141,5
5,682,3
4,651,5
5,249,4
4,105,4
4,092,5
2,451,5
1,105,5
0,020,4
1,128,5
4,651,4
4,048,4
1,191,4
4,698,2
4,694,4
5,688,4
2,667,4
5,575,5
0,264,4
1,135,3
0,051,5
2,097,2
5,097,4
4,142,3
0,020,3
5,165,3
5,026,3
5,105,4
5,123,2
0,111,3
5,118,3
0,131,2
0,005,5
0,228,4
5,699,4
3,659,3
4,103,4
4,107,4
5,105,4
3,018,4
1,651,3
2,146,4
5,199,3
5,658,5
1,154,5
3,026,5
1,651,2
0,075,2
4,203,4
1,138,5
2,202,5
1,092,4
0,042,5
4,685,3
4,684,5
5,133,2
3,419,4
5,699,3
4,038,2
2,657,5
5,659,3
4,675,5
0,675,5
5,219,3
4,226,5
0,090,5
5,050,2
4,450,3
4,006,5
3,170,5
5,653,2
5,151,4
2,202,5
4,105,4
1,097,5
3,039,3
5,513,3
4,180,4
1,699,5
4,670,4
4,234,5
5,227,5
2,669,4
1,031,4
0,020,5
0,651,5
0,681,2
3,110,3
2,105,3
4,464,3
0,669,2
0,070,3
4,206,4
0,679,5
3,397,4
2,469,4
5,651,2
3,664,5
2,659,3
4,669,4
3,219,2
2,699,4
5,689,3
1,189,4
1,698,5
3,575,5
5,651,5
2,454,4
5,668,5
4,168,5
5,199,5
5,232,5
4,240,5
3,651,5
5,105,5
1,227,5
5,699,1
3,699,4
4,185,4
0,066,4
2,669,4
1,107,5
3,213,4
5,227,4
3,212,5
3,005,0
5,049,5
2,136,3
4,039,2
4,696,4
1,197,3
0,060,4
0,397,4
3,687,5
5,699,2
0,651,5
1,234,5
5,658,3
4,460,4
3,162,2
0,670,3
5,163,5
4,539,4
0,118,3
0,233,5
2,119,4
3,675,4
4,682,2
5,651,5
5,469,5
2,209,4
0,659,4
2,085,3
5,101,4
4,242,2
3,651,1
0,673,5
4,160,5
0,213,3
1,262,4
4,006,3
0,467,3
0,048,3
0,012,2
3,004,5
1,004,5
4,693,4
4,156,5
0,039,4
3,651,5
0,687,4
4,020,4
5,105,5
0,119,5
1,215,6
1,490,2
1,063,3
0,699,4
5,450,3
3,651,3
0,264,4
4,189,5
0,215,3
4,699,5
0,043,4
4,042,5
5,069,5
4,199,4
3,651,3
2,001,2
2,209,4
1,233,5
4,153,5
5,209,4
5,651,2
0,651,4
5,659,4
0,397,3
1,656,3
3,654,4
1,668,3
0,215,6
5,697,5
4,697,4
0,651,4
5,653,3
2,660,5
0,042,5
4,248,4
2,107,5
0,666,5
4,500,5
0,667,2
5,128,2
5,181,2
5,680,5
0,678,5
5,122,4
5,667,5
2,651,3
4,218,2
0,658,4
5,654,6
1,651,2
3,698,4
3,678,5
4,020,4
4,695,5
1,654,6
0,040,5
3,517,4
4,667,4
1,699,5
4,107,3
0,575,4
4,101,3
3,107,2
2,659,3
3,054,3
2,115,5
1,233,4
4,004,5
1,097,4
5,669,3
5,697,3
1,138,4
2,682,4
5,397,1
5,198,2
5,044,5
2,696,5
3,651,5
4,167,2
4,699,4
0,105,2
4,165,5
4,487,4
4,396,4
0,096,1
5,696,6
2,201,3
2,396,4
2,165,5
4,165,5
4,006,4
3,216,3
0,020,5
4,020,4
1,103,4
2,105,4
1,670,4
0,471,4
0,123,2
1,667,5
5,656,5
4,653,3
3,016,4
4,057,4
0,074,5
1,055,3
5,651,6
0,133,5
0,129,5
2,162,4
2,226,5
4,107,3
1,694,4
5,189,5
5,651,4
3,128,5
4,654,5
0,395,4
4,229,2
5,660,3
2,248,5
2,123,4
5,105,3
4,119,5
2,699,3
0,070,3
0,177,5
3,248,3
0,699,4
5,006,5
1,409,6
4,454,3
2,020,4
2,018,5
3,699,5
2,667,3
4,651,2
0,050,4
5,202,2
0,227,2
3,487,4
3,118,4
5,054,5
5,653,5
4,592,3
5,118,4
4,659,4
1,104,2
2,699,3
4,052,3
3,659,6
0,470,4
4,651,5
3,204,5
5,101,2
5,097,3
3,517,5
0,470,5
4,100,4
4,451,3
5,545,5
2,651,5
1,699,3
3,123,4
0,109,5
2,042,3
3,660,4
1,651,4
5,397,5
2,105,6
0,497,2
0,159,3
5,699,5
0,193,3
5,129,3
2,684,4
2,232,5
0,670,4
4,187,1
4,699,5
4,160,6
4,110,2
2,651,3
2,219,3
3,123,4
4,165,5
3,678,4
4,678,5
2,699,5
3,167,3
0,699,3
0,215,3
3,669,2
2,699,3
3,090,4
0,655,4
4,659,4
5,662,0
0,128,4
4,653,5
4,006,3
0,675,3
3,651,2
0,186,5
1,018,3
1,397,3
0,226,4
3,682,4
1,016,3
5,666,4
3,651,5
4,233,1
4,461,4
0,673,3
4,687,5
0,143,5
1,466,5
2,674,3
1,657,5
2,100,4
2,667,5
1,454,3
1,100,5
4,460,3
5,659,4
5,676,4
2,016,3
4,003,5
1,656,5
1,220,5
4,674,2
4,213,4
1,657,5
0,673,5
4,110,4
5,105,3
2,020,3
0,002,3
4,020,4
0,057,4
0,669,3
0,105,4
2,054,4
3,090,6
4,685,4
1,547,5
5,397,3
3,006,4
5,020,5
4,651,5
4,167,3
2,007,5
5,128,5
0,651,6
5,666,5
3,461,5
4,201,6
3,470,2
3,668,5
4,039,4
2,055,5
0,667,3
5,395,4
4,699,5
3,395,5
0,671,3
2,651,2
2,395,2
0,479,4
0,673,5
4,251,4
5,651,3
3,061,4
2,004,5
1,409,5
3,476,4
5,127,4
4,180,5
4,085,5
0,185,5
5,245,5
0,018,2
5,018,2
0,020,3
0,058,1
3,006,5
3,457,5
3,096,3
3,020,6
5,660,5
1,678,5
0,678,5
2,248,2
2,694,2
5,457,4
3,675,5
0,487,4
1,042,2
0,096,4
1,686,3
4,672,2
4,078,4
3,670,5
1,685,4
5,118,4
0,657,4
0,666,5
3,666,4
3,666,4
5,042,1
3,142,6
5,101,5
4,100,3
3,005,5
3,476,4
1,129,3
5,169,2
5,212,5
3,054,2
5,113,5
4,699,2
0,090,5
2,218,4
1,050,3
0,656,3
5,048,4
1,395,4
4,198,2
5,133,3
0,107,3
4,404,3
5,159,3
4,575,6
1,667,3
0,105,2
1,019,5
3,470,4
4,160,4
5,105,2
5,673,3
1,159,5
4,659,5
5,229,2
4,105,4
0,656,4
1,664,5
4,686,4
0,670,4
0,005,5
4,240,3
2,003,5
4,101,7
5,104,5
4,109,5
2,109,4
4,125,4
1,100,4
0,552,3
4,670,4
3,181,3
3,404,2
5,666,2
1,203,4
4,699,4
5,048,2
0,246,3
3,666,3
2,655,2
2,432,4
2,460,5
5,464,4
0,072,5
0,194,3
1,698,3
1,006,4
5,248,3
5,655,3
0,078,2
5,200,4
5,172,5
1,460,6
5,666,3
2,651,5
1,466,4
0,454,5
4,699,2
2,101,4
0,651,5
1,054,5
2,395,5
5,128,3
2,017,2
1,097,1
0,222,4
0,682,2
1,187,4
3,539,5
2,095,3
3,144,3
0,019,4
3,678,4
3,699,3
0,669,4
3,220,5
4,151,3
4,668,4
3,100,4
0,696,5
5,109,3
2,195,5
5,246,5
5,063,5
2,020,6
4,699,3
5,020,4
1,699,2
5,586,3
5,160,4
0,096,3
5,168,5
3,457,4
4,196,5
4,048,3
5,203,5
0,160,5
5,651,2
5,227,4
4,129,3
4,397,4
0,651,5
4,129,3
4,100,5
4,669,3
5,699,2
4,057,6
0,670,3
3,695,3
4,085,4
0,654,3
5,118,5
4,697,5
0,651,4
0,659,4
3,651,4
5,230,5
5,651,5
5,090,3
5,657,4
3,039,4
2,669,5
3,470,5
5,007,5
3,020,3
5,103,4
1,660,5
1,651,4
2,669,4
2,188,4
1,667,2
4,039,5
1,675,5
3,166,3
3,195,4
4,036,2
1,666,4
3,146,5
4,651,2
5,248,4
3,097,2
0,667,5
0,219,5
5,669,4
0,133,4
3,125,4
5,699,5
1,228,5
5,217,5
3,668,3
5,056,4
5,016,2
5,175,3
5,461,5
4,039,6
0,395,5
5,042,5
2,676,5
4,206,4
5,092,4
0,116,4
1,103,5
0,667,4
1,099,5
2,650,5
5,002,5
1,669,3
0,182,5
0,660,4
4,410,3
2,675,5
1,651,4
0,410,2
0,696,2
3,686,4
2,110,4
0,101,4
3,666,2
0,698,4
0,154,3
1,659,4
4,401,3
1,100,3
0,666,4
4,659,4
5,105,2
0,699,4
4,213,5
3,697,5
0,470,5
0,653,6
4,668,5
0,675,4
0,673,5
5,466,2
0,222,3
5,079,4
1,662,5
1,454,4
2,454,4
1,105,5
5,664,4
5,003,4
5,036,4
0,123,5
3,202,4
4,675,3
2,047,0
5,045,5
5,666,0
0,460,5
5,651,2
3,202,2
3,479,4
5,208,4
0,680,4
4,105,2
4,680,4
3,213,3
1,205,3
5,220,2
1,208,5
0,699,5
4,153,5
5,005,4
2,105,5
0,056,5
1,660,5
5,659,4
2,666,5
0,113,5
0,096,4
2,670,4
3,100,4
1,108,3
0,033,5
0,254,5
1,227,5
4,416,5
5,006,4
1,466,5
0,201,4
0,178,2
0,457,2
5,196,4
0,037,5
0,695,6
3,123,4
1,654,3
5,100,5
1,067,5
4,687,2
1,003,5
0,120,3
0,669,4
0,656,5
1,698,5
0,100,3
3,490,4
5,201,4
1,575,4
5,128,4
2,454,3
3,662,3
2,521,5
5,181,2
2,675,3
5,216,5
5,669,4
1,152,3
1,175,5
5,696,3
2,007,5
0,202,5
5,651,4
5,666,6
5,653,5
2,167,5
5,160,4
1,669,5
0,181,4
4,676,3
3,656,4
5,064,2
2,669,5
1,687,2
5,651,4
4,668,3
0,216,5
4,216,3
4,101,4
5,454,4
3,678,3
5,096,4
2,694,2
4,680,4
5,460,3
5,006,5
2,109,4
0,209,4
5,018,3
5,667,4
1,220,5
0,108,4
5,467,5
3,675,2
5,154,3
1,167,5
0,651,4
3,699,5
3,659,6
4,215,2
2,162,3
4,395,5
1,020,4
5,146,4
4,461,2
4,203,3
0,105,4
0,699,5
2,697,5
4,694,4
5,035,2
5,257,3
3,156,5
0,198,3
4,189,4
1,659,4
0,153,3
5,699,5
1,666,2
1,097,5
4,513,4
0,660,2
1,467,2
0,467,5
5,002,4
3,105,5
1,129,5
5,651,3
2,051,3
5,072,4
0,095,4
5,061,3
4,669,4
5,653,3
4,461,2
0,264,2
1,404,7
0,110,4
0,028,2
2,651,5
0,101,4
2,154,5
5,685,4
3,105,5
4,128,6
0,183,3
5,479,5
0,027,5
4,669,5
0,054,4
1,689,5
1,651,4
0,410,5
1,070,4
0,688,4
1,133,5
4,172,3
2,651,5
0,651,5
5,226,5
1,210,3
4,676,4
0,219,4
2,657,4
1,123,5
0,208,2
1,651,2
4,675,6
4,396,3
0,077,5
5,699,5
0,655,3
5,200,4
1,651,3
3,119,4
5,020,5
4,651,2
1,699,3
5,497,4
0,140,3
0,670,5
2,191,4
2,045,4
2,125,5
5,138,4
4,698,3
1,181,4
3,020,4
4,040,4
2,651,4
4,165,5
1,667,3
2,694,5
5,232,2
5,681,4
4,132,2
0,103,4
4,229,4
5,431,4
5,097,4
0,410,5
0,651,5
0,112,2
4,132,6
5,517,3
2,190,5
2,454,5
5,020,4
3,153,5
0,667,4
2,199,3
5,692,4
5,672,4
0,517,5
5,105,4
4,051,4
4,181,2
4,122,5
3,109,4
2,209,5
0,667,3
1,669,4
1,697,2
4,213,3
0,230,2
3,174,4
4,042,4
3,181,5
5,699,4
4,123,4
2,466,5
0,189,5
4,460,6
5,189,3
2,688,3
3,042,5
5,101,2
5,249,4
4,209,3
3,212,3
2,151,4
0,006,2
5,219,5
4,656,4
2,667,1
0,659,2
0,666,6
5,227,4
0,215,5
2,667,1
4,521,4
4,179,3
2,149,5
3,467,0
0,676,5
3,696,4
1,651,3
2,696,4
1,012,3
4,142,4
3,020,6
4,105,3
4,107,5
3,655,2
2,655,2
1,148,3
3,651,5
3,461,5
5,096,5
2,170,4
0,173,3
5,075,3
5,114,3
0,018,2
1,167,4
3,688,5
5,669,2
3,105,2
1,217,2
1,409,3
4,174,3
5,105,5
4,118,6
5,395,2
1,470,5
0,104,5
3,432,4
5,513,4
4,552,6
5,464,4
5,464,2
2,050,5
4,105,4
5,110,3
2,669,4
3,651,2
1,215,3
3,699,2
0,680,5
0,669,4
4,007,5
1,651,3
5,666,3
5,657,3
5,071,2
4,103,3
0,043,5
4,696,4
1,651,2
0,128,5
1,678,4
2,419,4
3,653,2
3,669,5
0,651,5
3,660,5
4,395,4
5,105,5
4,651,2
0,651,3
1,479,4
1,654,2
5,264,4
5,028,4
5,107,5
0,696,4
1,105,3
4,699,5
1,655,3
0,397,5
4,659,5
3,003,4
4,002,5
5,055,4
5,050,5
5,665,4
3,651,5
0,187,5
0,693,3
5,047,4
0,401,2
4,219,6
5,080,3
3,667,5
2,673,2
1,673,5
1,186,5
5,105,2
2,181,4
3,684,3
0,682,5
0,068,4
3,255,4
5,065,5
3,664,3
3,107,4
0,254,4
0,057,2
0,666,6
4,123,3
0,156,2
1,666,3
5,682,4
0,667,4
5,209,4
2,666,4
2,257,4
2,085,5
2,478,4
0,131,2
4,681,4
1,669,3
4,668,4
4,659,3
2,095,5
4,651,3
3,128,3
0,651,3
2,226,7
2,076,5
3,454,5
0,670,5
0,667,2
5,667,4
1,055,4
4,048,5
1,471,5
4,006,5
5,673,2
4,460,4
1,651,4
5,660,6
5,024,5
3,149,3
1,659,4
4,107,4
1,601,4
4,199,4
4,674,3
1,077,5
1,006,4
0,552,3
3,655,0
5,262,5
2,023,4
1,107,5
4,162,4
1,048,4
1,114,5
4,675,4
3,158,3
1,063,3
5,699,4
0,670,5
1,179,2
5,081,5
0,651,5
5,020,3
4,675,4
5,200,3
4,107,4
3,004,7
5,013,4
5,128,5
3,105,5
5,071,2
0,015,4
1,198,4
5,539,5
0,696,2
0,020,0
4,699,3
3,699,4
1,156,4
5,545,3
4,653,4
2,397,5
1,165,3
4,014,4
0,157,4
0,225,2
5,215,2
4,698,5
3,469,4
4,659,4
0,696,4
4,659,5
1,395,3
4,660,4
2,105,2
5,122,4
2,695,4
5,042,7
2,160,6
2,660,4
0,105,5
5,101,4
4,694,5
5,013,6
4,699,2
3,161,5
0,219,3
4,670,6
5,001,3
2,457,5
5,651,4
4,667,5
1,686,4
1,189,2
0,145,3
5,653,5
5,068,5
5,419,3
2,679,4
3,004,3
3,476,4
2,094,3
5,696,5
2,521,3
1,682,3
0,200,4
0,112,3
0,129,5
0,051,4
4,107,4
5,089,4
1,669,2
4,676,5
3,154,4
0,688,6
0,476,0
2,209,3
5,653,5
3,681,4
1,678,4
5,699,3
2,212,4
1,205,4
0,669,5
3,203,5
0,185,2
5,105,5
5,696,5
2,696,2
4,676,4
0,669,5
2,653,5
4,675,5
2,651,5
4,107,5
4,454,4
0,659,4
4,653,4
3,660,5
5,659,2
5,181,5
0,454,5
0,575,4
3,157,5
5,016,5
3,469,6
5,547,3
3,467,3
4,229,7
4,105,5
4,676,3
4,052,5
2,666,4
5,470,5
4,669,4
3,657,4
5,241,5
0,174,2
2,651,5
3,219,5
1,651,4
1,131,5
1,006,5
2,137,4
3,669,4
4,660,5
5,656,5
0,699,3
0,020,4
0,219,5
4,556,3
4,029,3
1,128,3
0,010,5
0,014,2
4,020,4
4,112,4
4,397,4
1,699,5
5,673,2
5,666,4
3,118,5
0,517,2
0,123,4
3,110,5
5,103,5
3,669,5
5,659,5
0,166,5
4,039,5
3,018,5
0,220,5
2,189,5
1,690,3
0,104,3
2,673,5
2,004,5
5,651,5
4,685,4
5,167,2
4,666,5
5,466,3
4,179,5
5,678,3
2,186,3
2,209,6
4,133,5
5,172,3
0,675,5
4,670,5
3,107,5
0,685,5
5,466,5
2,660,3
0,669,4
0,028,3
0,699,5
0,696,4
0,224,4
1,691,4
4,039,4
2,651,3
2,042,5
5,065,3
3,240,5
5,185,4
3,246,5
1,043,3
4,666,5
2,203,2
1,672,4
3,410,4
5,215,2
2,018,3
3,432,4
0,431,2
2,209,4
5,043,3
3,651,5
0,240,5
4,150,4
3,667,5
5,669,2
5,669,4
4,694,4
2,478,3
1,699,2
5,119,5
2,018,3
0,670,4
3,004,5
2,686,6
2,023,4
0,120,6
0,138,4
0,043,4
5,651,4
3,025,4
5,178,5
5,003,2
4,035,5
5,698,4
4,466,5
5,102,3
5,247,4
0,678,5
4,096,4
5,685,5
4,653,3
0,513,4
5,018,3
3,123,5
3,105,4
5,651,5
5,670,4
4,188,2
4,657,4
5,669,3
0,653,5
0,666,5
2,106,4
0,172,4
4,103,4
0,038,3
4,051,3
2,669,2
4,467,4
5,666,3
4,401,3
0,137,2
5,201,4
5,195,4
3,666,5
4,211,3
3,167,5
5,651,4
1,106,6
0,651,5
0,096,3
4,167,4
1,230,5
5,478,3
4,467,4
4,666,4
2,461,5
1,130,3
1,416,5
0,121,3
3,464,6
4,395,4
2,039,6
5,098,2
1,055,4
5,257,3
5,105,4
3,666,5
0,107,3
3,666,3
3,108,2
3,216,3
2,556,6
3,454,3
1,201,4
2,699,3
2,109,5
5,698,3
2,004,5
0,675,2
0,660,5
4,213,3
5,093,4
0,020,4
3,128,4
2,048,4
5,651,4
4,109,5
3,016,4
1,110,5
5,219,4
0,061,5
4,676,4
2,255,5
5,118,5
0,107,5
1,668,3
1,217,5
2,454,5
4,466,4
0,699,5
1,194,3
3,699,4
4,048,2
0,228,3
4,454,2
0,699,3
1,189,4
0,216,3
5,500,5
5,460,3
3,460,4
5,479,5
4,457,5
3,699,3
5,487,1
4,666,5
4,123,2
1,656,2
1,189,5
4,460,4
4,673,3
4,005,4
3,669,5
1,129,5
3,660,4
1,404,3
5,186,3
1,058,3
0,460,5
0,457,4
4,699,3
3,105,5
5,172,4
0,696,3
5,678,3
1,149,4
0,105,4
4,109,3
3,061,5
3,152,3
1,699,3
2,129,5
1,169,5
3,660,4
4,105,4
0,432,5
1,410,5
1,410,5
5,161,2
2,471,5
3,105,3
0,180,5
1,141,5
3,160,2
0,107,3
2,048,5
0,204,4
0,204,5
0,669,3
2,651,6
3,677,5
3,461,2
0,657,2
2,653,4
5,007,4
0,226,5
4,175,5
4,466,4
2,470,6
1,227,5
4,682,4
0,699,5
5,682,6
2,669,4
0,220,4
3,454,3
1,020,4
0,127,4
4,211,4
0,673,2
1,209,5
5,055,5
0,092,3
0,125,4
5,651,3
4,123,5
0,043,4
5,101,4
1,238,5
0,210,2
5,466,5
0,466,5
4,016,4
5,105,4
4,095,5
5,161,2
0,099,5
4,693,3
4,651,2
0,029,4
1,161,2
4,217,3
4,517,4
0,154,4
0,681,3
0,090,4
5,416,5
5,675,4
2,163,2
0,401,4
0,105,3
2,699,6
1,676,5
5,698,1
5,397,4
5,397,4
4,675,5
5,038,3
1,128,3
4,659,4
1,122,4
1,672,5
1,682,5
3,666,4
5,055,2
2,680,6
1,660,3
4,227,3
0,023,5
5,243,4
3,699,5
5,125,4
3,500,2
0,168,2
5,020,4
4,668,4
4,653,2
5,100,5
2,655,3
1,655,3
0,668,5
1,048,3
4,466,5
5,105,4
4,105,4
5,651,4
0,469,5
0,072,3
4,698,2
3,682,4
5,670,3
5,096,4
2,220,3
0,165,4
3,154,3
0,248,5
5,680,4
0,656,5
0,105,5
4,666,4
5,454,3
0,699,3
2,216,4
0,655,5
5,186,5
4,699,3
0,675,4
3,654,3
5,257,3
0,231,4
0,658,5
3,199,5
1,174,3
4,025,4
4,101,4
0,141,3
2,651,5
3,055,4
0,675,5
4,673,4
5,069,4
5,699,4
3,092,3
5,233,3
5,090,3
2,050,4
0,055,4
4,096,5
0,699,4
3,189,4
4,699,2
4,653,5
4,666,5
3,689,5
5,020,4
1,660,4
5,137,5
2,118,2
0,218,3
0,454,2
2,215,3
4,097,5
4,395,6
3,675,4
3,248,5
0,651,4
0,052,3
0,128,5
4,233,2
1,396,5
5,155,4
2,142,3
4,466,5
1,232,3
5,094,6
5,055,4
5,133,2
2,203,5
4,675,4
4,694,3
3,211,3
2,401,4
3,698,2
5,670,5
4,699,4
3,397,5
5,669,2
2,675,4
5,042,2
0,545,4
3,419,3
5,250,4
3,220,5
5,699,4
5,666,4
5,669,3
5,208,4
3,669,2
5,240,5
0,668,6
5,651,5
0,153,5
5,026,3
5,206,4
4,034,5
5,018,3
5,658,2
5,160,3
1,137,4
4,065,3
4,693,5
1,176,4
2,004,5
0,101,2
3,208,2
3,105,5
3,046,3
2,658,2
4,659,5
3,170,5
0,059,4
5,651,5
5,651,4
3,213,5
3,116,5
3,666,3
0,181,3
2,187,3
0,669,5
4,695,5
0,217,5
2,217,2
4,667,5
3,651,3
4,043,3
1,659,3
4,133,2
4,659,3
5,116,5
0,683,4
4,230,4
1,653,5
4,419,4
5,659,4
4,657,4
0,253,5
0,651,5
1,416,4
0,041,5
5,670,3
4,128,6
4,231,4
5,653,2
3,692,3
4,666,2
4,177,4
3,454,4
2,667,4
1,167,4
1,086,2
5,233,2
2,669,5
4,203,2
2,659,5
1,129,3
0,675,4
5,466,4
5,454,5
5,670,5
0,521,5
3,697,4
3,133,3
1,109,5
5,211,3
0,209,5
5,476,4
4,249,5
3,150,4
1,020,5
0,651,3
1,123,4
1,095,5
4,165,3
5,419,5
0,055,4
0,667,4
5,460,4
5,467,0
0,243,2
5,208,4
4,409,2
2,669,4
1,211,4
5,123,3
5,006,4
2,682,2
4,586,4
3,662,2
3,154,5
4,039,2
5,466,4
3,675,5
1,695,5
1,133,5
3,699,3
4,693,3
1,004,4
1,666,5
1,699,2
5,669,3
5,461,4
5,105,5
3,659,3
4,395,3
1,060,5
5,213,4
1,004,5
5,254,5
3,054,4
2,212,5
1,695,3
4,432,3
5,109,3
4,217,2
5,240,4
0,460,5
1,696,4
5,042,4
4,003,4
4,470,3
4,108,4
5,699,4
4,476,4
4,658,4
5,141,4
4,664,5
2,131,5
2,105,4
5,682,4
4,651,3
2,668,3
1,431,4
4,699,5
3,039,5
5,146,4
0,128,5
4,149,3
4,247,4
5,219,4
4,682,4
5,048,4
1,018,4
0,096,5
4,143,3
0,111,2
0,142,3
4,012,5
5,140,5
5,140,6
4,454,3
2,123,5
5,105,3
5,660,3
0,132,4
3,655,3
5,192,4
4,020,4
4,460,5
4,655,3
5,461,5
5,666,5
4,651,5
4,112,5
2,095,2
0,227,5
5,096,3
2,395,3
4,466,5
1,669,4
4,105,6
4,668,2
4,395,3
2,669,3
4,659,4
4,069,3
1,666,4
0,669,4
1,651,5
2,659,5
5,203,2
0,072,2
4,684,2
1,123,5
2,225,3
4,397,4
4,653,5
0,175,5
5,138,5
1,201,4
5,670,4
5,058,3
3,219,5
4,128,5
0,651,4
4,107,4
1,673,2
0,651,4
0,129,5
3,090,5
1,467,3
4,454,2
5,659,2
2,152,5
0,155,4
0,675,3
2,416,4
2,669,3
5,123,5
3,162,3
0,219,4
5,219,6
3,170,4
0,005,4
3,673,5
4,217,5
5,142,4
0,095,5
0,669,2
4,651,3
2,669,5
1,216,4
3,144,4
1,128,1
4,020,2
3,190,4
0,185,5
5,658,4
1,699,5
5,219,3
2,684,5
4,466,4
0,432,4
1,699,3
4,669,3
5,669,3
5,684,3
3,684,5
5,120,4
0,105,5
0,478,4
4,666,6
4,002,2
5,185,3
4,667,5
0,128,3
4,674,5
5,209,4
3,020,4
3,699,4
3,454,6
3,167,4
3,212,7
4,101,5
0,096,5
5,651,5
5,226,6
5,013,5
4,200,5
1,660,3
5,487,3
0,669,6
5,224,2
5,667,5
5,667,5
3,233,5
4,650,5
3,200,4
4,211,5
1,061,4
5,183,5
3,199,5
2,673,5
0,084,4
5,686,3
2,102,3
4,666,4
5,685,3
5,230,5
0,101,5
0,105,4
3,092,5
5,409,3
4,201,3
0,095,5
4,241,3
2,651,3
0,451,4
5,009,4
0,048,2
5,227,5
4,131,5
0,673,3
5,669,5
5,105,5
3,123,5
5,699,5
2,666,4
4,154,5
3,133,4
0,106,4
5,128,4
1,052,5
3,659,2
2,698,4
1,187,2
2,106,5
4,211,4
3,669,5
1,451,5
1,658,3
0,470,4
4,155,2
5,651,3
0,165,3
4,002,3
0,201,4
0,653,5
0,020,2
1,072,3
1,547,5
0,101,5
3,651,4
1,228,5
4,007,3
4,101,5
3,105,5
0,122,4
4,666,3
2,092,3
4,128,4
2,090,3
3,660,4
4,653,2
5,128,5
3,695,5
2,028,3
0,678,5
0,020,5
2,128,6
2,018,4
0,018,5
0,001,5
0,128,4
3,655,2
0,266,4
1,107,4
5,235,5
5,194,3
0,539,4
1,217,5
5,100,1
3,020,5
2,689,3
2,163,4
5,123,5
5,404,4
4,660,2
3,005,3
5,129,5
5,198,5
2,664,4
2,149,3
2,669,3
2,667,5
2,699,5
1,190,3
4,227,1
2,072,5
4,186,4
5,202,5
4,204,5
4,669,3
0,223,4
3,662,5
0,264,5
5,667,4
4,155,4
0,245,3
1,651,4
5,668,2
4,698,4
2,651,6
1,005,5
0,038,2
2,668,3
0,169,4
2,092,5
3,466,5
4,161,2
5,105,3
0,669,4
5,014,4
0,025,4
4,651,4
5,090,5
0,101,6
5,575,4
5,460,5
2,698,5
4,699,5
5,500,5
2,697,3
3,659,2
5,042,5
3,160,4
4,109,5
0,257,4
4,004,5
5,699,5
5,666,4
5,672,5
4,666,2
4,669,3
1,052,5
0,115,4
5,164,3
0,215,5
5,057,4
1,199,5
5,105,2
5,198,2
2,101,5
2,696,3
0,688,3
5,211,6
5,209,2
5,079,4
2,105,5
4,006,3
4,660,3
5,020,5
3,395,4
3,699,1
2,668,5
0,105,4
4,090,5
1,061,4
2,654,2
4,674,6
5,020,3
0,261,3
5,128,6
5,556,5
2,245,4
0,219,4
0,006,4
4,471,5
5,211,4
1,043,5
0,072,3
4,262,5
4,006,4
2,666,3
3,105,3
3,126,4
5,521,5
3,683,5
5,240,5
2,651,2
0,050,5
1,651,2
3,699,5
4,454,2
4,108,5
5,454,2
0,213,5
4,653,5
5,105,5
5,100,3
5,048,3
5,675,5
1,586,3
2,693,5
3,478,2
1,659,3
3,487,4
0,586,3
3,101,2
1,395,3
5,669,4
1,119,1
5,651,4
0,151,2
1,675,6
5,513,5
5,092,3
4,242,6
4,241,5
5,257,5
5,216,3
3,666,5
0,007,4
4,199,4
3,460,3
2,675,5
3,162,3
4,476,4
1,110,2
2,651,3
2,651,3
1,671,3
5,654,3
3,651,4
2,185,5
2,211,4
4,469,5
4,669,2
0,651,4
5,092,6
4,460,3
0,678,4
2,055,2
0,186,4
0,020,5
0,006,5
4,658,3
1,209,4
2,521,2
0,660,2
5,660,2
2,232,3
4,451,3
0,052,5
5,055,1
0,133,2
5,078,2
5,660,5
0,006,2
2,669,4
0,227,4
4,659,5
4,003,2
2,189,3
0,699,3
4,669,2
1,686,5
0,651,3
0,691,5
0,128,2
4,478,3
3,670,3
5,653,2
1,686,1
5,209,3
5,108,5
2,020,3
3,688,5
4,660,5
3,043,4
3,161,5
2,109,5
1,651,4
1,682,5
5,084,2
3,258,4
3,479,6
3,082,5
4,695,4
0,654,3
3,008,5
0,191,1
4,018,2
3,651,5
0,659,4
5,005,4
5,684,4
0,104,4
0,205,5
4,666,5
2,212,2
5,160,4
1,100,5
0,079,4
5,461,2
4,697,4
5,667,5
4,575,4
0,198,5
4,687,6
4,658,3
0,100,3
5,651,5
2,653,5
3,513,4
5,658,2
4,669,5
0,165,5
5,161,4
0,696,4
0,043,4
5,132,3
0,675,4
3,186,4
0,651,4
5,039,4
1,039,3
3,105,5
3,669,3
3,666,4
1,419,3
4,156,4
3,395,3
5,128,3
5,479,4
5,192,4
0,466,5
5,667,4
0,654,5
0,105,2
4,001,5
0,153,3
5,659,3
0,199,4
0,128,4
0,128,4
4,128,4
5,675,5
4,024,3
4,162,5
3,084,5
0,666,2
5,669,4
1,226,4
5,416,4
1,196,4
0,004,4
5,158,4
3,181,2
1,651,3
4,653,5
4,039,4
2,667,3
1,673,2
2,162,5
4,675,6
0,101,5
0,224,5
0,651,5
0,132,4
5,018,5
0,172,4
5,079,4
2,211,5
0,096,3
3,659,3
0,655,3
0,466,4
0,466,4
5,048,5
1,048,4
4,395,5
0,181,2
5,419,4
2,470,4
0,653,3
2,181,3
4,686,5
4,651,5
0,218,4
0,089,4
3,469,3
1,160,4
0,669,5
1,055,3
4,129,2
3,660,5
0,054,4
1,401,5
0,152,6
0,187,4
0,669,5
5,020,5
5,666,4
0,110,3
1,050,3
4,232,4
1,651,4
4,239,3
3,660,5
0,669,5
4,659,3
4,052,5
0,055,4
4,232,4
3,109,4
5,410,5
5,061,4
3,698,3
0,242,2
2,696,4
1,204,4
0,478,4
0,651,3
4,235,5
3,039,2
5,007,3
1,651,5
4,660,2
5,210,2
3,092,3
1,209,4
5,542,4
3,651,2
4,669,5
2,681,5
5,668,3
1,101,3
5,020,4
0,659,3
3,410,4
1,673,5
2,655,5
1,653,3
5,231,5
5,175,4
2,699,2
5,651,2
1,685,4
0,100,2
3,699,5
1,404,2
5,108,5
1,470,3
0,106,4
5,105,2
0,673,4
4,699,4
3,682,4
1,101,4
5,697,5
4,061,4
0,101,4
0,682,3
4,202,4
0,133,4
0,011,3
4,655,5
5,693,2
5,204,4
4,127,4
3,256,5
5,675,3
2,651,4
5,006,4
0,664,2
0,128,5
5,154,2
3,651,2
4,129,5
3,161,4
5,020,1
5,020,3
4,227,4
4,116,3
5,006,3
5,651,2
0,020,4
3,673,5
0,169,4
4,698,5
4,667,5
0,693,5
3,129,5
5,213,3
1,658,5
0,035,2
0,234,5
5,125,5
3,149,4
1,006,3
3,105,2
4,099,5
5,095,5
4,682,6
0,002,2
5,659,3
3,397,3
2,469,2
4,454,5
2,651,2
1,256,5
5,657,5
4,219,4
1,226,4
0,699,4
5,219,4
0,043,4
3,123,3
0,454,4
5,105,3
3,123,5
0,396,6
5,156,2
0,454,5
0,085,5
3,197,5
4,670,5
5,118,2
1,666,4
4,052,3
2,401,4
2,005,5
0,003,3
1,235,2
1,521,5
3,004,3
0,024,3
2,691,3
2,153,4
0,160,5
5,179,4
2,675,3
0,096,1
2,683,3
4,669,2
2,201,3
1,105,3
4,696,4
1,005,5
0,201,4
5,003,4
3,220,2
4,061,6
2,095,4
4,189,5
5,165,4
3,105,5
0,264,5
5,696,3
4,666,4
2,694,5
3,667,3
1,669,3
1,095,5
4,190,5
5,157,6
5,395,5
3,669,2
3,107,3
5,087,5
4,128,4
5,666,4
3,673,3
0,688,1
4,149,4
0,696,4
5,466,3
5,466,5
3,464,3
3,699,5
2,475,5
5,037,4
5,685,5
2,675,4
0,675,3
3,018,5
0,021,5
5,667,3
4,699,5
3,189,2
3,105,5
4,020,3
3,696,5
3,651,3
0,128,3
0,460,2
2,104,3
4,048,3
0,061,4
0,179,5
5,167,3
1,196,3
0,066,2
5,651,3
0,667,4
3,699,3
0,237,5
1,673,5
3,181,5
3,487,4
2,657,4
0,229,4
0,395,4
3,659,4
2,266,3
3,003,2
2,186,3
4,651,2
0,152,5
0,097,2
1,150,3
3,185,5
2,651,4
3,655,2
0,697,4
5,204,5
3,699,4
0,130,2
2,659,5
4,669,6
4,667,4
0,396,4
4,699,4
4,696,6
0,179,4
1,128,3
0,401,4
2,678,3
5,667,3
5,127,5
0,651,4
3,651,2
4,395,3
0,694,3
2,676,5
4,682,5
0,185,5
5,085,5
3,005,6
2,172,3
3,132,5
1,252,4
3,695,5
0,105,3
5,476,5
0,460,3
0,660,5
5,487,4
3,042,5
1,004,5
2,651,4
2,678,3
5,699,3
1,668,2
0,029,5
5,466,5
0,466,4
1,209,5
5,240,5
0,669,5
4,467,5
5,241,6
3,232,4
2,013,4
5,083,3
4,490,5
5,651,5
3,673,2
4,664,4
0,404,2
3,409,5
0,454,5
4,698,4
5,006,5
4,174,4
4,123,5
0,396,4
5,014,3
2,470,3
3,151,5
2,586,4
3,460,3
4,102,6
4,128,4
4,020,1
5,668,5
5,668,3
4,156,2
0,467,3
0,153,3
1,188,5
0,228,3
2,409,2
0,120,3
2,105,5
3,470,4
2,685,4
5,120,2
3,101,2
5,522,5
5,199,4
2,100,4
5,090,2
0,670,5
0,651,4
4,110,3
5,162,3
3,213,5
4,669,5
2,669,3
2,129,2
0,401,5
4,699,5
0,006,5
2,651,3
1,460,5
4,659,5
5,658,2
4,152,3
0,106,5
0,109,5
3,466,7
1,213,3
4,660,5
2,651,3
1,666,5
2,048,4
0,650,4
0,229,3
1,209,5
0,050,5
4,671,5
0,660,5
4,670,5
2,651,4
0,667,2
5,121,6
1,143,2
0,149,4
5,218,3
1,241,3
5,020,5
2,027,4
4,256,2
5,216,5
3,575,5
4,667,3
3,096,4
0,681,4
0,179,5
4,121,6
1,670,3
4,081,5
4,667,4
0,041,5
1,028,2
0,653,3
0,651,5
5,005,6
5,659,5
1,699,4
3,105,7
5,115,4
5,651,4
5,651,3
3,686,5
5,680,5
1,160,4
5,586,1
0,470,3
4,470,1
2,153,4
3,685,3
4,651,5
3,109,4
5,013,4
0,128,4
3,457,3
4,105,3
1,240,5
2,123,2
0,229,4
0,454,4
4,167,4
0,189,5
1,130,5
3,669,4
5,667,5
3,667,3
4,651,4
4,072,4
4,133,5
5,054,5
1,092,5
1,660,4
4,216,2
4,694,4
0,651,3
4,460,5
4,461,3
4,651,3
0,057,2
3,211,2
5,470,7
5,028,5
3,209,3
0,161,4
5,469,4
5,675,4
2,102,1
1,069,3
2,685,2
5,450,4
5,467,5
0,020,5
4,674,2
0,450,3
2,161,3
5,105,4
2,092,4
4,149,3
4,669,3
5,055,4
2,020,3
5,107,5
3,397,3
1,651,3
5,696,4
5,673,5
5,663,3
4,235,5
5,149,2
1,467,4
2,240,6
2,005,3
4,073,4
2,092,3
1,454,5
4,667,6
5,123,5
4,181,4
0,113,2
2,450,4
0,005,2
4,128,4
2,053,3
2,250,4
2,205,5
5,163,4
5,454,5
3,201,4
5,651,2
5,673,4
1,451,5
4,208,4
1,159,3
0,694,3
3,696,3
2,153,4
2,216,4
0,128,4
1,695,4
4,005,4
3,685,4
1,694,3
1,675,5
3,401,3
3,669,4
5,105,5
0,054,5
4,698,5
5,666,2
5,017,4
3,699,2
1,103,3
5,679,4
2,666,4
0,673,4
1,675,5
4,101,4
5,105,4
5,079,5
0,197,5
0,659,4
1,651,3
4,669,4
3,666,5
3,682,4
5,249,4
5,203,2
4,233,3
3,669,5
4,673,3
3,669,5
3,668,3
2,675,5
4,487,4
4,660,2
5,185,3
3,454,3
4,682,3
3,028,3
0,266,5
3,682,3
1,651,4
3,684,3
3,196,2
5,043,5
2,107,2
0,670,5
4,123,5
0,003,3
1,070,4
4,454,5
5,187,5
5,461,5
4,105,5
0,151,2
3,143,5
5,139,4
3,212,4
1,020,3
0,101,3
1,123,2
3,002,6
0,249,5
0,226,5
1,149,1
3,699,4
2,213,2
0,675,4
2,201,3
0,122,5
3,660,5
5,119,4
4,077,3
1,666,6
2,048,5
5,226,5
5,075,5
3,660,2
5,042,4
3,020,3
5,653,3
4,651,5
0,670,5
5,251,4
1,659,4
4,105,3
2,460,4
4,219,5
1,105,5
2,105,3
3,699,5
0,020,3
0,666,5
5,666,5
1,211,4
1,695,5
1,667,5
4,016,5
2,469,5
1,039,4
5,109,5
3,055,2
0,404,5
0,180,5
0,171,3
2,667,5
0,056,4
5,151,2
0,479,3
4,240,4
1,209,5
4,105,4
5,674,5
5,119,3
3,094,5
4,651,3
3,039,4
1,667,4
4,669,2
1,003,3
4,651,2
2,003,4
4,666,4
5,218,4
5,211,3
5,160,3
3,105,4
1,074,3
4,670,2
2,673,3
2,196,4
0,186,4
0,660,5
0,128,3
3,653,5
4,006,5
5,209,6
2,153,5
0,004,5
2,232,3
2,699,3
3,222,3
1,098,3
3,105,5
0,267,3
4,651,5
3,209,4
4,043,4
0,236,3
3,003,3
0,020,3
5,678,5
5,266,5
1,112,2
0,020,5
1,129,5
5,106,4
5,001,6
0,669,3
4,045,5
5,105,3
1,177,5
5,651,2
5,666,4
4,179,3
5,678,4
0,244,4
0,668,4
1,167,4
5,539,5
5,090,5
5,653,3
1,651,5
2,202,5
1,658,3
0,105,5
3,669,6
5,100,4
5,118,3
2,105,4
2,466,3
2,138,4
5,687,3
1,669,4
2,189,4
3,513,4
2,658,4
0,656,4
3,061,5
1,092,5
1,674,5
5,655,3
1,006,5
5,668,6
2,054,5
2,666,5
4,686,2
3,659,5
3,489,5
2,152,5
5,653,4
0,029,3
1,147,4
0,232,5
3,128,4
4,395,5
2,170,4
3,670,3
4,552,3
4,691,2
5,025,4
1,128,4
5,151,6
0,669,4
0,395,4
1,575,4
4,123,6
1,660,4
3,674,3
4,660,4
2,232,5
2,102,5
5,055,3
2,678,2
5,159,4
4,685,2
0,055,3
5,048,5
4,651,4
5,432,2
0,680,5
4,487,5
3,007,4
0,693,4
5,067,1
1,693,1
1,198,4
2,198,4
1,687,4
4,066,5
3,020,3
4,461,4
0,696,5
5,666,2
2,005,4
0,395,3
4,653,3
5,410,5
5,676,6
5,216,4
5,101,3
2,699,4
1,097,5
0,682,4
5,147,4
3,109,3
4,165,5
5,105,5
5,666,5
2,675,3
5,675,3
2,653,2
3,687,5
0,232,4
3,252,5
5,105,3
0,152,2
4,667,3
2,018,4
4,469,4
4,660,2
0,699,6
0,667,4
2,234,3
4,667,5
0,097,4
4,688,3
4,479,3
5,680,6
4,091,4
5,653,3
3,478,3
0,670,2
5,172,5
5,651,6
2,020,3
5,105,3
0,153,5
2,460,3
0,659,4
2,651,4
4,170,2
1,100,5
3,031,3
5,699,5
4,153,4
0,089,2
0,653,4
3,667,2
5,128,4
5,686,4
4,217,4
2,051,5
5,010,3
5,227,3
3,006,4
4,018,4
4,699,4
3,201,4
5,230,4
0,109,4
5,100,3
0,651,3
0,216,5
2,054,2
5,500,3
5,101,4
4,182,4
3,128,2
5,699,5
0,095,4
5,011,2
5,121,4
4,410,4
4,661,2
3,666,4
3,105,4
0,657,5
4,092,5
0,021,5
5,014,3
4,675,5
5,120,4
4,046,5
0,154,4
1,208,2
4,208,5
4,673,5
3,651,4
0,651,3
3,651,6
4,684,5
5,228,4
3,010,5
4,659,3
0,178,5
1,095,3
3,651,5
1,254,5
0,144,5
1,128,4
2,678,1
4,655,6
1,127,4
2,668,5
2,464,5
5,653,3
0,035,2
3,190,4
1,073,4
4,096,4
1,651,4
4,659,5
2,219,4
4,651,4
4,016,5