2,693,4
0,666,5
1,020,5
2,694,5
4,699,2
5,105,3
5,050,3
4,454,5
0,105,3
1,395,3
0,162,3
3,143,3
2,155,3
4,192,5
2,401,2
5,145,2
4,244,5
4,675,4
1,466,4
0,219,2
5,651,1
3,216,7
0,668,5
2,450,6
4,651,4
1,004,6
1,669,5
4,669,3
2,020,3
0,092,5
3,467,3
5,052,3
0,232,5
2,674,5
4,653,4
4,668,3
3,209,4
4,469,5
5,238,5
0,105,5
0,660,4
3,681,5
0,676,3
2,699,4
5,219,5
0,020,5
4,050,4
3,659,4
5,106,4
3,149,3
4,239,4
0,163,5
5,123,3
2,088,4
1,178,5
5,020,2
5,682,3
2,048,4
4,404,4
5,217,5
4,133,5
4,655,3
0,686,5
4,105,3
5,479,2
5,128,3
0,010,3
3,009,5
0,464,4
1,696,5
5,213,3
1,061,4
4,655,5
0,251,3
5,046,4
3,395,3
5,669,4
4,096,5
4,699,4
2,006,2
2,478,6
4,189,3
5,699,3
5,105,5
4,454,3
0,521,4
4,073,3
5,105,5
5,469,4
3,189,4
0,660,5
0,109,3
4,096,4
0,669,5
3,224,4
1,227,5
0,251,5
0,224,5
3,684,5
1,651,5
5,454,5
3,460,5
4,119,5
5,685,5
3,651,5
1,666,3
4,101,3
1,110,5
5,039,4
4,666,3
3,181,1
5,257,4
2,687,5
4,471,5
4,651,5
1,232,4
3,651,4
2,057,3
0,697,2
2,478,5
0,651,5
3,500,3
2,454,4
3,694,5
1,218,6
5,123,4
3,052,2
5,651,3
5,479,4
0,666,5
0,002,3
5,666,3
4,696,2
1,660,3
1,201,2
5,479,3
2,479,6
5,670,5
4,685,3
2,464,2
4,002,2
3,105,5
4,103,3
2,654,2
3,450,5
5,656,5
5,669,5
2,219,4
3,007,5
3,151,3
5,123,5
5,209,5
3,419,5
0,669,5
4,194,4
3,020,5
1,138,3
4,212,4
5,043,5
4,201,3
1,513,5
3,699,5
5,159,3
0,675,5
0,172,5
3,114,2
3,687,3
5,476,5
3,006,5
1,180,5
0,018,6
0,674,4
5,257,3
0,675,3
2,689,4
1,196,4
3,666,4
4,659,4
5,151,4
5,658,5
2,249,4
2,095,4
4,209,5
2,090,5
5,023,3
4,071,4
4,699,4
4,669,2
2,669,4
3,092,3
2,660,4
5,470,3
3,208,3
4,151,4
0,651,3
0,699,6
0,671,5
1,199,2
4,036,3
3,058,5
2,470,5
3,478,5
5,675,3
4,167,3
2,689,5
1,259,3
4,397,5
1,095,5
0,667,3
4,104,4
0,254,5
2,184,5
5,699,2
3,651,5
4,187,3
2,653,5
4,203,3
0,051,3
0,191,2
0,404,1
0,105,4
3,450,4
1,651,4
0,228,4
4,101,3
5,651,4
0,656,5
1,170,3
1,684,4
2,159,3
3,522,5
2,655,3
5,678,5
3,660,3
0,139,2
2,100,3
5,667,4
4,120,6
5,049,4
4,020,5
2,123,5
2,152,5
3,152,3
3,095,6
1,666,5
5,660,5
4,203,5
3,128,4
2,669,2
0,699,2
4,666,4
5,659,4
0,667,6
0,666,3
4,669,5
5,454,2
1,668,3
3,107,5
0,079,3
1,666,4
1,095,5
0,677,6
3,095,3
5,175,1
0,200,5
1,186,4
5,547,4
4,256,5
5,694,5
0,005,5
2,226,3
4,189,0
3,061,5
0,659,3
0,004,5
0,128,5
2,096,5
4,048,2
5,219,3
4,675,2
1,103,5
4,666,5
3,669,4
0,020,4
3,033,4
4,020,4
5,052,5
1,161,6
0,246,3
3,466,5
4,401,2
5,061,3
5,043,5
4,699,5
0,095,5
4,020,4
5,020,2
5,098,4
5,669,4
1,020,2
4,454,5
0,659,5
1,057,3
5,075,5
4,466,3
1,013,3
2,670,4
0,666,3
4,396,3
5,257,2
0,061,4
0,016,5
0,669,2
4,673,3
5,149,5
5,651,3
5,020,5
0,156,5
5,698,4
4,659,2
2,032,2
3,230,3
1,666,2
5,699,6
0,521,2
2,092,3
3,020,3
3,395,4
4,095,5
3,699,5
0,660,4
3,673,4
2,110,4
5,006,3
5,118,4
4,056,3
4,119,4
4,189,4
2,672,3
3,692,3
5,199,4
0,651,5
0,656,3
4,200,4
2,675,5
0,185,5
5,201,3
0,244,4
0,404,3
1,105,2
0,187,5
4,009,3
2,113,2
0,105,3
4,264,2
4,032,5
4,698,5
0,016,3
4,101,5
4,476,5
1,006,5
1,466,5
0,659,6
4,586,4
4,659,5
4,038,4
4,666,4
5,106,2
3,680,5
4,669,2
1,669,5
4,676,5
5,202,3
3,668,4
3,201,4
2,048,5
0,659,2
2,209,3
0,699,2
3,039,3
5,085,6
0,397,5
5,682,5
5,651,5
1,181,3
1,669,3
0,676,4
2,476,5
1,651,5
4,128,5
3,466,2
2,676,4
1,213,4
3,521,3
4,464,5
1,090,5
4,042,3
4,187,3
0,012,5
4,186,4
5,556,3
4,167,4
3,669,4
4,476,4
4,697,3
2,048,4
3,666,5
2,699,5
4,249,4
4,694,5
5,120,4
4,007,4
4,651,5
5,651,4
0,409,3
2,095,4
0,699,3
4,660,4
3,123,4
3,651,2
0,159,4
5,156,4
0,101,3
5,164,5
1,674,5
5,207,5
0,684,3
3,651,2
4,675,5
5,061,3
3,156,5
5,229,3
1,034,5
5,205,5
0,051,4
1,060,5
4,659,4
0,675,5
0,651,2
4,190,4
5,681,4
3,020,3
1,110,4
1,192,5
3,197,5
4,699,5
0,539,4
5,432,5
0,667,5
5,669,2
3,404,4
5,141,5
4,396,4
5,466,5
0,460,5
5,119,3
2,675,4
2,208,5
4,007,5
0,216,4
3,666,5
3,666,2
4,116,6
0,263,4
4,466,5
0,659,5
3,656,3
1,164,6
0,259,4
4,105,3
4,666,3
4,416,4
0,048,5
2,419,3
4,055,5
4,003,6
4,651,3
3,196,4
5,099,2
1,226,4
3,669,4
3,018,2
3,219,5
0,203,3
4,003,5
0,098,4
0,020,5
4,264,2
2,664,3
0,654,6
3,006,4
5,105,3
2,123,5
1,129,5
4,471,2
1,517,4
5,658,5
3,698,5
1,123,5
5,691,3
1,220,5
5,461,4
4,203,4
0,007,3
1,466,2
1,006,6
1,653,4
0,651,3
5,667,5
0,175,2
4,204,5
2,521,2
4,156,5
1,685,3
5,209,2
3,696,4
2,675,4
4,006,4
4,105,5
4,101,3
1,153,3
3,651,3
0,667,3
5,521,4
5,223,5
2,659,2
2,659,4
0,147,5
4,101,4
0,253,2
4,699,5
4,090,5
1,105,4
3,209,5
0,123,3
4,248,3
3,007,1
4,673,2
3,669,3
0,655,4
0,048,5
0,209,5
1,655,5
3,454,5
3,048,4
4,201,3
5,003,3
5,048,5
0,200,4
2,131,5
4,134,4
4,128,5
5,020,5
2,106,4
3,500,5
4,028,3
0,156,3
4,128,5
2,004,3
3,054,3
4,651,2
1,666,5
3,651,5
1,696,4
4,201,5
0,659,4
0,667,5
5,667,1
1,513,5
3,586,3
4,108,5
2,667,5
3,181,4
0,651,4
1,265,4
3,682,3
4,651,2
5,666,4
5,699,4
3,007,2
4,657,3
1,020,5
0,476,4
3,686,4
0,258,3
4,196,3
0,065,4
2,697,4
1,655,4
5,693,3
5,119,5
4,240,4
3,466,5
5,039,3
0,232,3
1,003,4
2,105,5
0,651,3
4,211,5
0,466,4
4,129,5
0,050,2
5,155,4
0,183,5
5,543,3
0,193,4
2,104,4
5,189,5
1,669,3
3,118,4
3,673,5
0,668,5
3,105,2
4,151,2
5,108,4
0,189,4
4,211,3
4,668,4
3,666,3
3,022,5
0,673,4
5,651,3
4,216,3
0,651,5
5,024,4
0,039,4
0,653,5
3,105,4
2,651,4
5,698,5
5,666,6
1,208,4
5,209,4
2,669,2
3,696,3
3,134,4
3,450,5
4,401,3
3,467,2
5,232,2
5,020,4
1,002,3
0,651,2
4,662,5
4,685,4
0,133,4
0,586,3
4,161,4
3,092,5
4,667,1
1,651,3
3,217,4
3,651,5
1,466,4
4,410,6
3,699,3
5,651,5
3,659,6
1,105,4
5,088,3
5,696,4
0,105,5
4,660,4
3,699,4
4,659,2
3,128,4
5,464,5
0,173,5
0,138,4
1,050,3
5,042,4
5,043,5
4,659,3
2,244,4
1,676,4
4,699,5
4,685,3
3,020,4
2,660,5
4,109,5
5,660,4
0,669,4
2,186,3
2,451,5
1,079,3
5,224,2
4,095,4
4,127,6
1,660,3
3,020,5
5,195,6
3,696,3
4,659,2
4,019,4
2,170,4
4,659,2
4,003,3
1,123,5
0,539,3
0,059,5
3,096,4
2,050,5
0,043,5
3,210,5
4,210,4
3,020,5
0,105,3
4,470,2
5,064,4
2,671,5
3,651,5
3,020,5
5,138,4
1,134,2
0,662,3
0,020,3
5,651,3
0,667,5
2,193,4
1,678,4
3,233,5
4,054,5
4,189,3
1,416,4
3,165,5
1,075,4
0,674,5
1,675,3
2,659,5
1,119,3
3,094,4
4,209,5
4,675,5
2,396,5
3,659,2
5,672,2
1,096,4
0,105,3
4,257,5
0,667,4
4,539,2
2,661,4
0,230,4
0,118,4
2,151,3
2,248,4
2,042,2
3,159,4
5,669,4
3,397,4
4,226,2
3,696,4
4,264,3
4,115,5
5,209,5
2,148,2
2,216,5
1,490,5
5,669,4
3,513,3
0,003,4
1,123,3
4,123,4
5,621,3
2,109,5
2,651,4
1,153,5
4,696,5
5,697,3
3,007,5
4,133,5
5,015,4
0,040,4
5,190,5
5,160,5
2,110,4
5,651,3
5,077,5
3,122,5
0,416,4
2,676,4
3,539,4
1,669,5
5,104,7
1,395,4
1,129,4
0,160,2
1,575,4
1,020,3
1,020,3
0,105,5
5,651,2
3,673,3
1,660,5
4,657,5
3,670,4
1,432,3
5,121,5
0,018,4
4,698,4
0,067,5
4,699,5
5,686,3
4,669,4
2,123,3
3,660,2
5,675,4
1,123,3
5,092,4
5,699,3
3,699,5
5,003,3
3,108,5
1,655,3
4,651,5
0,651,5
1,401,4
1,226,3
2,654,2
5,123,4
5,466,1
2,102,5
4,685,5
4,669,5
3,539,4
4,108,5
0,653,2
0,104,2
4,100,5
4,698,5
5,219,4
5,653,5
0,109,4
0,094,2
2,153,5
4,659,4
2,395,5
4,466,4
0,674,4
3,659,4
5,666,4
2,659,2
1,651,5
2,653,2
4,020,4
4,029,1
5,020,2
4,395,4
1,240,5
1,653,2
4,105,3
0,201,5
1,666,4
2,105,6
0,240,5
1,650,4
5,653,2
4,454,4
0,264,2
4,105,2
0,016,4
5,259,3
1,155,4
0,696,2
3,230,3
0,016,4
0,680,5
0,156,5
0,651,4
4,699,5
2,656,3
0,033,5
2,211,2
1,657,1
5,128,5
1,395,5
1,409,5
5,001,7
2,656,6
1,129,5
1,210,5
2,232,5
1,061,5
3,673,2
1,097,3
1,657,5
0,654,3
4,653,5
4,020,5
5,188,3
4,659,2
1,155,4
5,466,5
4,667,4
5,096,4
5,203,4
2,409,5
1,138,5
1,256,5
2,003,3
2,201,5
3,057,5
3,067,4
4,108,3
5,209,5
3,653,5
2,003,5
4,004,5
5,248,2
3,251,3
0,668,4
4,240,3
5,666,4
0,244,5
5,666,3
5,152,4
5,668,5
3,048,2
4,105,3
5,669,4
2,471,4
0,133,2
0,678,5
1,699,5
5,653,5
0,020,2
1,169,4
1,041,4
0,675,3
0,693,5
5,120,3
0,673,4
5,699,2
1,685,3
4,211,5
1,183,3
0,454,4
4,128,5
4,450,4
0,109,3
2,209,4
3,103,2
0,020,3
4,076,3
3,669,4
0,682,4
1,105,5
4,659,4
1,198,4
5,123,3
0,651,4
1,039,2
4,057,4
2,675,5
2,460,1
1,416,3
3,699,5
5,699,4
2,116,3
0,217,5
0,131,4
0,651,5
0,219,5
5,165,3
5,467,3
5,657,4
3,419,5
4,666,5
5,101,2
4,395,3
5,460,5
0,105,4
4,189,3
3,227,3
1,037,4
4,260,3
0,133,5
3,028,4
2,660,5
3,666,5
5,688,4
5,651,6
1,667,3
0,667,3
3,673,4
2,669,2
5,667,5
0,682,3
0,262,3
0,023,4
0,228,3
1,246,5
4,521,4
0,052,3
0,658,5
1,651,3
5,410,5
2,107,2
2,107,2
3,450,4
3,659,4
0,233,4
4,698,1
5,105,6
3,083,5
0,001,4
4,666,5
0,107,3
3,651,2
3,669,6
2,667,4
4,470,3
3,668,4
4,201,5
2,006,4
5,697,5
5,096,5
3,659,4
3,006,4
0,180,4
5,141,5
4,127,5
3,018,5
2,563,3
4,060,5
2,674,5
4,105,4
2,653,4
1,006,6
5,105,5
3,651,3
0,654,4
5,009,3
2,221,3
1,651,4
2,655,4
4,115,5
5,666,5
0,545,3
1,086,4
4,056,4
4,669,5
4,018,5
0,230,5
4,079,3
4,575,3
5,208,5
0,487,4
4,140,5
5,654,6
5,081,3
4,032,4
0,227,4
4,669,4
5,659,4
5,187,5
0,699,5
1,105,4
3,651,2
2,243,4
5,229,4
5,669,5
0,160,4
5,105,5
2,667,4
3,699,4
0,256,5
3,653,5
5,016,4
0,431,5
1,660,3
1,015,4
5,094,2
0,660,5
1,211,3
5,651,3
5,682,3
5,653,3
0,120,3
0,661,4
4,670,4
4,187,4
5,065,4
0,466,4
2,466,5
5,556,3
5,072,3
5,651,3
1,028,3
5,103,3
5,186,4
4,081,4
4,200,5
2,469,5
2,149,4
5,133,3
1,220,2
0,460,5
4,105,3
1,054,2
4,251,5
0,674,4
1,651,1
3,054,4
0,143,3
0,255,4
3,669,6
3,118,5
4,160,3
3,152,3
4,066,4
3,127,4
2,521,4
5,454,4
4,105,5
1,230,5
5,696,4
4,002,5
5,014,4
3,699,4
4,522,5
0,103,5
0,101,4
5,699,3
5,664,3
3,004,5
0,035,4
4,021,4
2,044,2
0,119,3
4,206,4
5,205,4
1,660,5
5,651,4
4,003,4
1,669,5
1,694,6
0,219,5
3,110,5
5,395,3
5,669,4
5,123,5
4,006,2
5,466,3
1,090,4
0,105,4
1,156,5
2,668,2
5,669,4
0,513,4
5,151,4
4,020,7
0,025,4
2,694,5
4,118,5
0,099,4
4,651,4
2,419,5
4,699,4
5,522,1
5,234,4
4,466,5
0,552,5
5,667,2
3,460,5
3,007,4
3,669,4
4,651,3
0,656,4
4,653,4
3,105,5
2,198,5
5,675,2
3,653,4
5,699,2
1,128,4
4,105,4
4,666,2
3,469,3
4,128,5
4,026,3
4,659,6
0,173,6
4,686,3
1,248,4
0,109,0
2,655,4
4,159,5
4,106,3
3,007,5
3,410,5
3,659,3
0,186,4
3,410,5
0,410,4
1,695,2
5,200,5
0,450,3
5,689,2
3,659,5
4,666,5
5,666,3
3,123,5
1,688,5
5,020,2
4,147,5
1,155,5
5,210,3
2,096,3
4,006,5
3,188,4
4,658,5
1,092,3
2,667,2
2,123,3
2,513,5
5,457,4
2,021,2
2,661,6
1,003,2
3,685,6
4,653,4
1,096,2
0,054,5
0,667,5
0,651,5
1,699,4
2,699,4
4,500,4
2,461,5
0,004,3
0,395,5
0,685,2
1,659,2
1,263,3
0,693,4
2,101,4
1,043,5
2,056,4
4,651,5
3,660,3
4,249,5
5,220,5
2,419,3
4,216,4
5,697,3
3,666,5
1,397,5
0,095,6
0,227,4
5,065,4
0,689,4
4,007,5
0,165,5
5,132,3
4,651,5
4,651,4
3,105,5
3,202,4
1,152,3
2,451,5
5,521,3
5,658,4
2,187,6
4,667,5
5,006,3
4,048,4
5,454,3
5,666,2
5,107,3
0,077,5
1,105,3
3,105,4
4,118,4
5,659,4
1,660,2
4,478,2
1,668,4
0,004,1
1,522,4
5,666,3
0,009,5
4,105,5
5,123,3
3,116,4
3,116,5
5,159,3
5,651,5
0,105,3
3,466,2
4,487,5
4,457,3
0,181,5
5,002,5
0,045,6
4,082,3
4,096,5
5,096,3
4,162,5
0,160,5
2,453,5
3,096,5
3,006,5
0,201,1
4,666,4
4,004,5
0,217,5
4,697,5
0,040,3
2,167,6
4,101,4
4,115,2
0,454,2
0,024,5
5,460,2
4,105,5
0,681,2
0,219,2
0,170,4
4,165,4
4,099,5
1,105,5
5,651,3
2,101,5
1,651,1
4,675,2
5,048,5
3,128,4
1,659,4
2,667,3
2,105,4
2,208,4
0,660,3
2,666,3
5,670,5
0,043,5
2,666,5
5,132,4
5,651,5
1,055,2
2,479,4
2,161,5
3,101,4
4,056,4
0,237,6
4,668,4
4,170,2
4,669,5
0,173,4
4,152,4
5,185,4
0,200,5
5,086,3
3,065,4
5,651,4
5,057,2
4,667,5
3,020,5
0,659,5
5,138,3
3,454,5
1,028,5
1,667,6
0,188,3
5,668,5
4,660,4
0,207,4
1,666,5
2,659,4
5,454,4
4,216,4
4,185,5
3,699,2
2,116,4
1,668,4
4,651,5
2,401,5
5,659,5
5,105,4
3,653,2
5,095,3
3,658,4
0,015,5
3,653,4
2,138,5
0,233,5
2,101,4
0,129,4
5,667,3
1,694,4
0,019,6
3,667,4
4,651,5
4,216,3
5,130,5
3,098,5
1,007,5
0,454,5
4,226,4
1,432,3
2,123,4
5,698,5
5,670,5
2,470,3
5,660,5
0,203,3
0,667,7
4,651,5
2,655,4
0,121,4
3,024,5
5,105,5
4,670,5
4,165,2
1,651,3
5,128,3
1,105,4
0,199,2
4,451,5
3,092,3
5,120,3
4,203,4
2,699,4
4,192,5
4,454,4
5,109,5
3,109,2
4,110,5
5,466,2
3,110,5
1,395,5
5,226,3
0,265,3
4,654,6
2,651,4
5,651,4
5,513,5
2,016,5
0,226,5
5,220,3
2,220,4
0,101,4
3,699,6
4,184,4
3,586,5
3,007,5
3,457,4
3,004,5
1,218,5
2,668,3
0,234,2
3,170,4
4,120,3
0,658,5
3,673,6
2,699,6
0,007,3
4,699,4
4,396,5
0,651,5
2,232,3
5,460,3
3,675,5
5,101,5
0,660,5
5,028,4
2,666,5
4,068,3
5,517,2
1,097,2
3,226,4
3,105,3
5,651,2
2,464,3
2,061,4
5,667,2
5,181,4
5,669,5
1,186,4
1,397,3
5,054,5
1,699,4
0,020,3
3,116,4
2,666,3
1,698,3
0,669,3
5,162,2
3,129,4
2,048,4
5,003,4
5,693,5
0,659,5
0,226,3
1,575,3
3,039,3
4,129,5
0,020,5
5,651,5
1,219,5
4,666,4
5,659,4
2,169,6
0,655,4
3,670,3
5,056,4
4,651,3
0,666,6
5,677,3
0,055,4
4,006,5
5,669,2
3,098,4
5,156,5
0,699,3
0,651,5
0,586,5
3,500,5
3,667,5
1,669,5
4,101,3
2,128,3
1,466,4
3,466,2
3,100,4
4,092,3
0,201,2
0,237,4
1,141,4
1,198,4
4,105,4
0,478,2
5,395,4
0,210,3
5,658,3
1,106,2
0,220,2
1,006,4
3,698,5
5,048,3
4,397,3
3,659,2
4,123,0
0,065,4
0,118,5
3,008,4
3,653,5
2,162,5
5,681,5
5,104,4
1,666,3
5,229,4
1,209,5
4,657,4
5,397,6
5,699,4
1,659,3
4,185,4
4,672,5
0,652,5
1,699,5
3,651,5
2,186,2
1,410,4
0,230,3
2,699,4
2,667,5
5,669,2
4,151,2
1,105,2
5,160,5
5,216,4
4,003,4
5,050,2
5,055,3
5,667,2
2,669,2
1,156,5
1,249,4
0,020,4
4,395,5
5,211,3
2,666,3
4,006,2
0,478,4
1,669,3
3,161,5
0,133,5
5,666,3
5,670,5
2,006,4
1,165,3
5,162,2
0,187,5
3,073,5
1,014,3
1,163,4
0,500,5
2,006,5
2,457,3
5,651,4
0,105,4
2,185,4
1,696,4
0,020,3
5,699,3
2,659,5
4,179,4
2,217,3
4,651,2
3,106,4
4,404,3
5,129,4
4,457,4
2,667,4
2,171,4
0,019,4
1,669,4
5,005,5
3,658,4
2,167,2
5,651,2
2,106,4
5,218,3
2,160,2
1,666,2
2,057,2
5,575,4
3,160,3
0,667,4
1,185,3
5,088,4
3,228,3
4,133,5
4,072,5
4,204,2
2,213,5
4,050,4
2,168,6
4,653,3
1,219,5
4,464,4
2,105,3
5,231,5
5,539,5
4,109,2
5,670,4
2,061,2
5,179,3
2,181,3
0,699,5
4,666,2
4,699,4
3,004,2
1,217,5
0,670,3
3,101,5
5,675,2
5,699,5
2,219,2
4,454,3
1,699,4
3,586,4
5,105,2
4,419,4
0,020,3
5,163,3
0,678,5
0,038,3
5,699,5
3,699,4
4,666,4
0,653,3
3,691,3
5,097,2
3,653,3
1,023,3
2,416,5
3,156,3
5,204,5
4,651,5
5,655,5
5,132,4
3,656,4
5,096,5
4,586,3
3,101,3
0,002,5
5,651,4
5,404,3
1,460,4
5,545,3
3,201,3
4,653,5
2,208,4
1,133,2
4,128,4
3,105,3
1,651,4
3,500,5
3,103,3
5,003,3
4,225,3
4,020,5
4,065,3
5,068,5
5,471,5
2,129,4
4,157,5
4,651,5
3,686,4
3,678,5
2,087,4
4,661,3
5,258,5
4,167,4
5,667,5
1,651,4
0,213,6
1,003,3
0,022,4
3,692,5
1,669,5
0,670,4
5,101,4
5,664,3
0,161,4
5,031,5
4,451,2
0,469,4
3,404,4
4,210,3
1,062,4
5,109,5
5,116,5
3,397,4
3,699,2
1,033,3
5,217,2
3,105,5
2,395,5
5,020,5
0,670,4
4,670,4
2,395,3
5,666,4
1,048,3
5,219,3
3,106,3
4,185,4
5,161,5
3,220,7
4,666,4
1,659,5
3,231,4
0,129,5
1,226,3
1,198,5
5,660,2
2,693,4
3,018,3
4,651,3
3,160,4
2,661,3
5,656,3
4,659,5
2,651,4
4,093,4
3,208,2
3,123,3
5,105,5
0,028,4
0,521,5
4,105,3
1,651,2
5,651,4
5,469,5
0,216,4
3,153,3
3,660,5
3,653,4
3,685,5
4,479,4
0,172,6
0,697,2
5,151,5
5,100,4
1,680,3
3,678,5
0,101,3
0,152,6
5,450,2
2,098,2
3,470,2
5,680,5
0,181,2
1,699,5
4,101,6
1,219,5
0,416,3
1,466,4
2,668,5
4,669,6
1,020,2
0,105,5
3,694,5
5,199,3
1,129,5
4,009,3
2,105,4
5,101,5
4,180,5
5,265,5
3,666,2
0,189,4
4,171,3
0,048,4
5,199,3
3,131,4
5,699,3
5,242,5
4,669,4
0,490,5
4,249,5
2,065,4
2,658,3
4,651,2
5,052,5
5,266,3
5,659,4
0,654,4
4,395,3
3,048,2
4,003,5
2,101,4
4,677,4
0,128,2
2,022,4
4,232,4
4,656,5
3,673,4
2,208,2
3,131,3
0,030,5
4,669,4
1,666,4
4,454,3
2,256,4
0,667,3
4,696,4
0,673,4
1,666,5
1,167,5
0,128,4
2,104,5
0,479,4
1,180,5
3,228,3
1,026,3
5,217,5
0,112,4
1,020,4
2,659,5
5,207,3
5,109,4
0,048,2
4,037,3
5,203,2
5,181,5
1,670,4
3,216,3
5,670,5
5,060,4
4,653,5
0,521,5
5,651,3
4,154,3
2,696,2
2,416,5
5,090,4
5,666,4
2,002,5
0,011,3
1,660,3
4,087,6
1,659,5
2,673,2
5,395,3
2,018,5
5,105,3
2,669,6
0,222,5
5,222,3
3,660,5
0,651,2
5,092,4
5,267,6
5,122,3
0,699,3
2,213,6
4,699,4
2,651,5
4,216,4
0,210,2
2,469,3
1,129,4
0,207,4
5,668,4
0,055,5
4,683,4
0,678,5
4,037,3
5,018,4
5,655,4
3,460,4
4,219,4
0,209,3
4,669,3
0,699,5
0,123,2
5,193,5
2,659,2
5,101,6
3,658,5
5,152,5
0,668,5
1,189,3
0,009,3
4,087,5
2,685,4
0,020,4
1,077,5
5,432,2
0,129,5
4,214,3
4,658,3
0,656,5
4,005,3
5,197,5
5,115,4
5,163,5
4,016,4
2,666,5
0,651,5
5,669,4
5,107,4
5,007,2
5,517,5
5,258,3
5,160,4
5,185,3
4,695,3
4,160,4
5,125,5
3,666,5
4,699,5
5,156,5
3,208,4
5,669,4
5,105,5
4,218,5
1,675,4
3,669,4
0,117,5
4,479,4
4,255,5
5,678,5
1,234,4
0,264,4
5,151,5
3,467,5
0,461,4
0,036,5
1,694,4
3,669,6
0,105,5
0,224,4
4,395,4
5,105,3
1,661,4
4,450,5
3,105,3
4,659,3
4,048,5
5,043,4
5,258,2
4,675,5
0,655,6
3,211,5
1,669,3
4,203,3
3,216,3
1,161,4
2,675,4
0,185,4
4,686,3
3,101,4
5,699,3
2,479,4
5,673,5
1,044,4
0,204,4
1,085,3
5,020,5
4,029,5
4,397,6
0,669,5
1,651,4
0,106,2
1,101,4
1,105,4
4,699,3
3,586,5
5,460,3
5,209,5
5,667,4
3,248,3
0,666,3
5,018,2
3,265,4
3,048,5
0,007,5
0,675,5
5,673,5
1,043,4
0,129,4
3,575,5
2,655,5
4,203,2
5,658,5
0,020,3
4,666,4
3,118,5
5,107,2
3,668,4
2,187,4
1,659,4
3,217,5
1,651,3
4,196,5
2,212,3
4,105,3
4,031,4
0,682,5
3,395,4
0,105,5
4,669,5
4,651,5
4,073,6
0,005,2
3,395,4
0,686,2
1,432,3
0,005,2
5,152,2
5,113,3
4,176,6
0,101,4
4,666,4
5,219,5
5,658,2
5,048,4
5,404,5
0,586,5
4,210,5
5,689,4
2,651,3
2,048,4
0,659,2
0,675,4
5,667,5
5,116,2
4,259,5
0,416,4
0,239,5
2,651,5
0,095,3
1,005,4
5,653,5
1,196,5
0,678,4
5,217,4
5,675,4
2,469,2
1,020,5
5,181,4
0,106,5
5,105,2
4,669,3
0,189,5
5,659,5
1,204,5
0,202,2
4,667,5
3,692,5
4,693,3
5,656,2
0,227,5
5,062,3
0,464,4
4,677,5
0,104,5
3,654,3
5,664,4
3,666,5
1,123,4
2,675,1
4,242,2
2,659,4
0,676,4
1,007,4
0,655,3
5,109,6
3,043,5
1,659,4
4,667,3
3,006,3
0,056,3
0,044,2
4,476,6
0,118,4
5,651,4
0,674,5
2,116,2
0,668,6
0,105,3
3,061,4
5,666,2
3,219,3
3,454,4
4,201,4
2,092,4
5,167,5
4,699,4
2,669,5
5,042,4
1,140,2
1,042,2
0,242,5
4,673,4
3,105,5
0,678,5
5,699,4
5,651,5
3,651,3
0,128,5
5,052,3
3,249,2
0,658,2
3,172,5
0,086,5
5,006,4
4,655,4
2,101,4
1,654,5
0,551,5
5,658,4
4,676,5
5,236,3
1,211,3
5,101,4
3,490,5
0,101,4
3,410,4
5,673,3
5,039,6
1,668,4
2,556,2
5,220,3
1,172,2
3,020,4
3,123,4
4,123,4
4,208,5
4,007,4
5,156,5
5,138,5
0,167,4
5,009,5
2,240,2
1,460,3
5,070,4
1,118,4
3,660,4
3,105,2
4,651,5
5,670,3
5,395,4
4,160,3
2,686,5
3,098,4
2,165,5
5,152,4
4,057,5
1,160,5
2,650,3
1,152,5
4,666,4
0,061,4
1,020,5
5,651,4
3,232,6
0,050,5
0,119,3
5,396,3
4,669,5
0,673,3
4,395,4
5,185,3
4,660,5
4,696,5
1,696,2
5,654,5
1,059,4
5,001,2
3,685,4
0,696,4
5,656,5
5,211,3
5,698,4
3,163,4
0,128,3
1,128,1
1,050,4
2,091,2
2,105,4
5,106,4
5,104,4
4,490,3
5,699,4
2,651,4
5,183,2
5,185,3
5,667,5
4,651,4
1,167,5
4,005,3
0,006,4
4,409,5
5,209,5
3,061,2
1,395,3
2,676,2
4,105,5
4,401,4
4,043,3
0,156,5
2,410,2
5,129,2
5,052,3
4,432,5
3,654,3
3,128,4
5,258,2
0,654,3
0,651,5
4,101,4
4,200,3
5,682,5
5,673,2
4,043,3
1,172,4
5,460,6
4,655,2
4,666,5
1,033,2
4,659,5
1,669,5
5,467,2
1,185,3
5,658,4
3,655,5
3,101,3
5,165,4
4,669,3
5,675,4
3,666,4
5,019,5
0,096,6
3,211,5
1,057,4
5,651,5
0,085,3
5,120,3
1,020,3
0,123,3
2,651,7
3,471,4
0,091,5
2,105,2
1,101,6
0,699,6
1,490,5
0,669,5
3,043,4
1,667,2
5,051,5
5,660,4
1,105,3
3,131,4
2,105,2
4,660,4
2,478,4
4,693,3
5,018,2
5,245,5
2,221,4
0,195,3
4,651,4
3,651,2
5,107,2
5,228,4
3,586,4
1,226,2
5,145,5
1,654,5
4,220,5
0,052,5
0,223,2
3,657,5
2,694,5
3,675,5
3,667,3
3,213,5
0,116,5
5,010,5
3,109,3
3,159,3
0,432,5
1,218,4
4,659,3
5,006,3
0,128,3
2,666,2
5,101,4
0,454,3
3,655,5
3,240,4
1,165,5
4,450,2
5,666,5
4,018,4
2,002,5
4,666,5
5,651,2
1,107,3
4,160,4
1,669,4
5,180,5
5,666,5
3,165,4
5,011,3
1,077,3
0,072,2
4,401,5
0,247,5
5,651,5
1,431,4
1,249,4
5,105,4
5,100,4
1,698,6
1,698,2
3,660,4
5,395,4
2,249,2
4,109,3
5,154,5
2,660,7
5,204,5
4,450,5
1,118,4
1,685,5
0,694,3
5,167,3
5,246,4
1,196,4
1,216,5
3,657,5
2,006,5
0,101,6
3,146,2
0,102,4
4,098,4
1,005,5
0,209,5
0,102,5
4,653,5
0,401,5
5,196,3
3,699,5
1,659,4
2,050,5
5,651,3
4,098,3
0,586,4
3,228,5
2,193,4
2,266,2
1,050,3
2,460,4
0,685,4
5,003,2
3,046,5
5,016,5
0,092,2
1,048,5
3,450,5
5,699,3
4,653,5
5,490,5
4,203,5
2,101,4
5,082,2
5,006,4
1,119,4
1,211,4
0,658,5
2,696,5
4,216,5
5,129,4
5,651,5
5,201,5
3,227,6
4,229,5
5,651,5
5,160,4
5,169,3
1,131,3
0,228,4
2,431,3
5,651,5
3,651,4
1,129,4
4,171,5
0,669,4
1,193,5
2,651,5
1,404,3
5,075,7
0,694,4
5,230,6
1,170,5
5,075,5
1,247,3
1,470,4
1,466,5
5,105,5
0,137,3
4,666,3
5,651,5
3,490,5
0,061,3
0,101,2
5,129,3
5,106,2
3,421,3
5,395,5
5,655,3
0,668,4
4,699,4
4,460,4
3,699,5
4,655,3
1,227,5
0,020,4
1,072,6
3,006,4
3,575,5
3,215,3
3,669,5
5,696,5
0,131,5
0,193,5
1,669,4
3,651,3
3,105,2
0,395,3
3,154,6
0,163,3
0,105,6
5,023,4
5,698,5
5,238,3
2,181,5
0,432,3
5,133,5
1,181,4
3,054,2
3,006,4
1,409,5
4,698,3
0,061,5
2,651,4
5,181,5
2,666,3
3,655,5
2,240,3
0,201,1
5,229,6
3,211,4
0,123,5
0,667,5
3,160,5
5,454,3
5,651,3
0,228,5
0,123,5
0,067,4
4,683,4
0,187,5
4,057,2
4,429,2
4,133,2
5,199,4
5,660,6
4,128,5
5,060,2
0,659,3
4,212,4
4,467,2
4,003,5
4,209,4
3,007,2
3,165,3
5,167,5
5,006,5
4,666,3
4,671,5
4,172,5
3,669,2
4,156,4
0,667,3
4,104,5
0,227,2
4,183,4
5,653,4
0,131,5
5,214,5
0,675,6
2,467,6
3,042,5
0,651,2
3,142,4
3,522,4
3,651,5
1,651,5
4,048,5
5,111,6
5,050,5
4,667,5
5,228,1
1,228,6
0,106,5
1,696,2
4,107,4
5,451,4
0,110,5
2,680,5
4,183,5
0,676,5
3,401,4
2,651,4
4,123,3
0,479,7
0,255,4
5,651,3
4,651,5
5,432,3
3,219,5
0,018,5
0,101,4
1,454,2
5,043,5
0,547,5
2,690,5
5,107,2
5,699,4
3,196,3
0,671,5
5,096,3
0,699,3
4,666,5
1,690,4
0,251,3
5,196,5
5,023,5
5,099,4
4,522,4
0,666,4
2,669,5
2,203,4
1,699,5
1,699,3
0,198,3
0,651,2
5,020,5
4,211,5
5,675,5
0,464,4
5,240,5
4,698,2
3,006,3
3,105,5
4,678,5
1,119,3
3,651,5
2,100,4
4,051,3
1,699,3
4,651,4
4,105,5
1,697,5
4,655,4
2,660,5
3,109,4
3,020,5
0,127,3
5,072,4
5,669,4
2,101,5
4,048,5
1,586,5
1,092,2
5,109,5
5,674,3
3,001,2
4,113,4
5,132,5
5,052,5
0,119,5
2,666,4
4,020,5
5,100,3
2,102,5
1,658,4
3,020,3
4,651,4
5,669,5
5,103,5
4,105,4
5,105,4
1,656,2
0,128,4
0,146,2
0,020,5
0,467,6
0,003,5
0,150,3
3,675,4
2,397,3
3,651,5
4,220,5
1,675,5
3,416,4
2,698,4
3,101,5
4,209,4
5,660,5
4,467,4
0,397,5
3,252,6
5,018,5
1,227,3
5,699,5
0,397,2
3,217,4
5,658,3
5,670,5
1,471,4
0,203,4
5,699,5
3,116,4
1,090,4
3,666,3
5,651,3
0,659,5
0,699,3
3,106,3
5,042,2
0,651,4
0,144,2
0,666,5
1,023,4
2,178,2
0,123,2
4,655,3
3,167,5
3,669,4
0,212,3
1,666,5
1,698,3
2,211,4
5,050,3
4,260,4
4,668,4
5,215,2
2,095,5
4,657,3
5,249,4
3,666,4
4,215,5
4,105,2
4,196,3
5,213,3
4,216,3
1,397,3
5,431,5
4,539,5
1,054,5
0,179,3
0,075,2
0,112,3
5,095,4
1,454,4
4,696,5
3,037,5
0,114,2
0,152,4
3,658,5
5,101,3
1,003,3
0,670,4
0,031,5
0,020,5
4,676,4
5,659,5
0,654,5
5,397,5
1,006,5
5,006,3
5,666,5
3,674,2
1,102,5
4,500,5
2,685,3
0,497,4
5,651,4
4,395,4
5,097,3
5,470,2
0,675,3
4,043,3
1,667,2
0,094,5
0,006,3
2,104,2
0,656,4
4,669,3
2,677,5
4,157,2
4,210,3
3,218,4
4,653,3
5,500,3
4,232,4
4,651,4
1,651,3
0,659,4
5,004,3
1,395,5
2,020,2
4,105,4
2,419,5
5,215,5
0,466,3
4,233,5
4,409,5
4,158,4
1,204,5
4,678,4
5,169,5
5,051,3
5,101,4
0,675,4
3,128,4
0,667,5
4,667,3
1,250,2
3,110,4
2,693,2
5,213,5
5,186,3
4,090,6
4,669,4
0,061,4
2,131,4
4,033,5
2,476,2
5,513,3
3,659,3
3,210,3
2,675,4
2,129,4
0,089,5
1,152,6
1,653,5
3,658,5
5,651,1
0,179,3
1,669,3
4,167,2
4,682,5
4,003,5
3,107,3
5,107,4
0,198,5
1,208,4
5,500,5
1,670,5
2,002,5
4,470,2
3,478,3
3,209,2
5,196,5
1,224,5
0,659,5
4,476,4
5,654,4
0,101,3
5,539,5
2,675,4
0,006,5
2,176,5
0,667,4
0,667,3
0,244,3
0,410,4
5,675,4
2,209,2
0,219,3
5,229,3
5,651,3
4,454,5
0,669,5
5,100,4
2,105,4
1,161,5
0,105,5
5,057,5
2,152,4
3,694,4
5,034,3
0,067,3
2,090,3
5,670,4
5,018,2
3,048,4
4,006,4
0,087,3
4,695,2
4,054,5
2,186,5
0,658,4
2,404,5
1,160,5
3,419,4
5,651,3
0,478,6
4,181,3
2,653,3
2,699,4
4,197,3
4,019,3
3,673,4
0,226,2
0,216,2
3,226,4
3,227,4
4,090,3
4,450,5
2,685,4
3,659,5
4,669,5
4,212,5
5,198,4
5,006,4
5,674,2
1,144,4
0,199,6
0,135,3
4,031,5
0,140,2
5,105,3
5,018,5
5,666,3
2,240,5
2,105,5
3,655,4
5,007,4
4,668,5
3,651,4
0,211,4
5,123,6
4,668,4
5,154,5
3,658,3
4,159,4
3,651,5
0,061,3
2,397,3
4,154,5
4,185,3
5,018,5
4,575,4
0,432,2
0,683,2
3,401,3
1,672,5
1,006,5
5,105,4
1,669,6
1,699,4
5,680,3
1,220,6
1,020,3
4,653,2
4,556,4
5,199,6
4,670,5
0,141,5
3,659,3
4,016,3
3,110,3
0,252,4
4,651,5
5,020,5
5,108,5
2,395,5
5,651,5
2,663,4
0,226,5
0,139,4
3,470,5
5,136,4
2,121,2
0,252,4
0,101,3
4,152,4
5,029,5
5,216,4
5,694,3
1,213,4
0,240,7
1,100,4
4,105,5
5,105,5
0,019,3
5,675,4
4,666,4
4,653,4
1,395,3
5,395,7
3,653,6
0,669,4
4,666,6
5,667,4
4,002,5
5,669,4
3,556,5
3,123,3
4,128,4
1,657,2
4,181,3
5,660,4
3,209,3
4,470,5
1,044,4
1,699,4
0,105,4
3,048,3
4,061,4
5,669,3
3,666,4
5,049,2
0,039,4
1,073,4
4,035,4
4,251,4
3,457,2
5,103,3
4,655,4
3,166,5
4,260,4
2,153,2
1,096,5
4,210,4
4,669,4
4,213,4
3,110,4
4,659,3
2,695,4
5,185,5
2,667,5
5,669,2
3,685,4
0,011,5
3,556,5
4,395,3
4,104,5
1,220,4
2,651,5
2,669,3
1,101,2
2,102,5
5,659,2
5,666,4
4,075,6
2,500,5
2,685,0
2,154,4
0,008,4
5,460,4
5,219,3
3,586,5
5,159,3
5,188,5
3,669,4
5,020,2
4,651,0
3,209,2
0,235,2
5,412,3
5,131,3
1,105,5
5,680,5
5,153,3
5,255,5
4,660,5
4,658,4
3,575,4
4,020,4
4,018,4
0,211,3
2,654,4
1,698,5
5,431,4
5,073,4
4,467,6
3,651,5
1,259,4
0,105,1
2,699,3
5,072,4
0,016,2
0,668,5
1,466,3
0,693,5
4,666,5
1,122,4
1,687,5
2,660,5
1,005,3
4,656,5
3,460,4
0,669,2
5,007,5
3,693,5
5,154,5
2,102,2
0,219,4
0,096,3
4,696,5
0,667,3
5,479,2
0,651,4
5,208,3
5,101,4
3,103,5
4,487,3
1,667,5
4,651,4
3,050,4
4,651,4
3,464,6
4,190,4
4,100,5
5,006,4
0,467,4
5,404,3
0,450,3
5,261,5
3,654,3
5,094,2
2,658,4
1,105,5
2,035,5
2,660,3
5,156,4
5,450,4
3,054,4
5,128,4
4,243,4
5,451,3
1,676,2
5,105,4
5,682,5
3,699,4
1,106,4
0,539,5
0,699,3
5,160,0
4,045,3
4,668,4
4,100,2
5,653,5
0,020,2
2,118,5
5,071,4
3,071,5
2,660,2
1,500,4
5,219,2
0,117,5
4,255,4
4,476,6
2,069,2
4,047,4
0,490,4
3,556,2
1,129,2
3,202,4
1,395,1
3,105,5
0,085,3
5,105,3
5,653,3
4,153,3
5,669,5
0,699,3
5,104,2
0,249,5
4,651,5
3,659,4
3,114,5
1,217,5
1,215,4
5,064,3
4,466,6
1,118,3
5,035,5
0,478,5
2,651,4
5,670,4
2,173,3
1,096,4
3,696,3
3,154,4
3,660,6
5,521,4
4,095,1
5,694,2
3,694,4
5,107,3
5,063,5
1,102,4
3,011,4
0,460,4
4,410,5
3,105,3
5,670,3
0,047,5
4,098,5
4,395,4
5,669,3
0,670,5
3,197,5
1,233,5
4,669,3
5,048,5
4,128,3
0,500,2
3,105,6
5,181,0
3,666,5
0,429,5
3,490,1
4,699,3
4,133,3
1,018,5
4,105,4
1,004,3
3,651,3
1,153,3
2,699,3
0,217,7
5,651,4
3,229,4
4,020,2
0,115,4
1,669,4
4,432,3
1,659,4
1,048,5
5,097,4
1,466,2
3,203,2
3,470,5
0,226,5
5,128,6
2,476,4
0,409,3
5,137,4
5,020,5
0,666,5
5,020,4
5,213,5
4,105,5
0,123,4
0,660,4
2,151,4
5,539,2
4,095,5
5,689,3
3,084,4
0,101,5
5,669,2
0,092,2
1,664,5
0,057,2
5,016,4
3,669,4
4,123,5
3,028,5
5,653,5
4,479,5
3,659,2
1,020,1
5,105,4
0,699,5
0,667,4
3,659,6
0,257,4
5,107,3
4,651,4
4,006,1
3,699,2
4,018,3
0,651,4
3,220,3
1,209,3
1,651,4
0,006,5
3,039,5
0,102,4
3,698,4
0,659,4
3,018,4
2,673,4
4,042,5
4,471,3
5,128,5
3,172,2
5,682,5
5,219,4
4,003,5
1,682,4
5,052,2
5,675,3
0,699,5
4,100,5
4,395,4
5,651,4
0,467,5
1,214,3
2,214,3
5,404,3
3,213,3
4,092,4
0,654,5
2,199,4
3,676,5
5,105,4
4,666,5
3,163,3
0,142,4
5,651,4
5,105,4
5,209,4
0,667,5
0,067,5
0,213,3
2,471,5
1,696,5
5,105,4
3,061,3
0,209,5
4,466,4
4,085,3
5,066,5
5,395,5
5,198,3
2,669,2
4,699,4
5,454,0
5,189,5
1,160,3
4,039,3
5,020,5
0,699,5
0,658,5
0,104,3
4,008,4
5,055,5
5,138,4
1,138,4
2,213,5
1,673,4
2,024,5
3,666,2
0,123,4
3,185,4
4,575,4
3,675,3
5,160,5
4,202,4
0,457,5
1,666,5
0,684,3
5,409,4
2,006,3
5,676,4
4,676,4
2,675,4
0,653,5
1,699,5
4,667,4
4,158,4
5,190,5
5,209,5
3,669,5
5,018,5
2,011,3
5,651,5
4,146,3
3,466,2
5,651,4
5,657,5
0,660,2
0,198,5
4,054,5
4,556,3
2,671,4
0,675,4
4,651,5
1,105,2
0,469,3
2,159,5
0,048,2
4,682,4
0,200,5
5,659,5
3,668,6
3,467,5
2,659,3
5,018,2
1,467,5
5,552,4
0,120,3
5,693,4
1,682,5
1,203,4
1,128,2
0,250,5
5,061,5
3,204,3
3,651,5
3,219,2
3,653,3
1,233,2
3,698,5
2,667,5
5,125,1
0,072,2
3,651,4
0,128,3
3,699,4
0,678,3
5,669,4
5,680,3
3,460,3
3,043,4
4,048,3
2,105,3
5,658,5
2,095,2
5,682,4
4,050,5
5,692,4
5,104,4
0,141,2
1,060,5
5,699,5
0,226,3
3,451,4
2,196,4
1,699,4
5,545,3
4,004,5
5,076,4
0,199,5
0,116,5
0,674,2
4,105,4
4,490,1
0,693,4
0,127,5
5,685,3
1,203,4
1,172,3
4,156,6
2,228,4
5,666,2
5,240,2
5,196,4
0,167,4
3,669,6
5,699,5
4,670,4
4,105,5
1,075,1
3,006,5
4,666,5
3,185,4
5,072,5
4,018,3
3,080,3
1,012,6
0,020,3
0,659,3
4,097,3
5,152,6
4,666,5
0,691,6
4,020,4
3,658,4
4,653,4
4,651,3
0,653,2
2,673,6
4,186,4
3,019,2
4,673,5
5,669,5
4,020,3
0,214,4
5,242,2
5,159,2
3,470,5
4,686,2
2,020,5
5,028,5
2,654,5
5,466,4
0,101,4
2,651,6
4,460,3
4,266,5
1,105,6
0,123,5
1,667,5
5,674,2
1,678,5
3,241,3
0,227,2
3,035,5
4,180,3
1,686,4
2,185,4
5,687,3
3,476,6
5,004,4
5,084,4
3,049,6
4,669,5
0,410,2
2,208,4
5,179,3
0,451,5
5,673,4
5,247,1
0,659,3
3,673,3
0,556,4
5,118,5
2,657,4
4,651,5
0,139,2
2,659,4
3,105,4
0,697,4
4,020,4
4,698,5
5,675,5
1,685,2
5,095,2
3,695,4
3,107,5
2,401,3
5,129,3
1,219,2
1,673,5
3,216,5
2,108,5
3,575,2
2,669,3
4,219,4
5,656,5
4,118,5
0,042,3
4,395,5
0,677,5
5,233,5
5,264,5
5,105,5
5,693,4
0,539,4
4,664,5
4,667,5
4,118,4
0,248,4
0,105,5
4,695,5
4,669,5
4,469,4
3,651,3
4,020,3
1,020,6
4,135,4
4,653,4
3,669,5
2,107,5
3,673,2
3,119,3
0,651,5
4,105,5
3,005,4
3,181,2
0,101,3
3,693,3
5,067,3
3,020,5
1,129,5
0,149,3
2,659,3
1,105,4
3,100,3
3,688,2
0,210,4
2,210,3
2,500,3
4,395,4
2,172,3
3,668,2
3,467,4
4,216,2
3,219,4
3,522,5
1,669,4
3,676,5
1,699,5
4,264,3
1,217,5
5,699,2
4,487,5
4,004,3
4,651,5
0,669,2
0,256,2
1,669,5
0,657,2
3,675,5
5,101,4
5,670,3
2,670,5
5,678,5
0,189,5
1,007,5
2,201,2
4,667,5
2,699,5
3,470,4
0,659,4
2,675,3
0,203,5
0,133,4
5,397,3
1,105,4
2,212,3
2,105,3
2,048,5
5,152,4
4,696,4
0,122,3
0,678,3
3,699,3
0,092,3
3,002,5
3,698,4
4,409,5
4,395,4
1,007,4
0,101,5
5,224,3
4,659,1
5,699,5
1,209,5
3,123,5
5,095,5
4,179,3
5,155,3
3,658,3
4,521,2
4,658,5
5,005,3
4,006,2
4,690,5
4,201,4
0,651,2
0,667,4
2,651,6
1,107,5
5,699,3
4,181,5
0,105,5
4,409,2
5,181,4
5,205,4
0,479,4
1,487,3
0,674,4
2,659,3
2,660,4
4,200,5
4,122,5
4,651,5
4,680,2
3,521,4
3,699,4
0,487,4
5,251,5
0,216,5
1,669,3
0,653,4
4,686,5
4,667,5
5,128,5
5,666,5
5,124,4
5,006,3
3,090,5
5,055,3
5,018,4
3,500,3
0,240,2
4,457,3
1,431,3
3,138,4
4,228,4
5,096,1
3,450,3
3,048,3
4,105,4
4,670,6
5,665,2
5,042,4
0,201,4
3,656,3
0,401,3
0,116,4
3,666,2
4,153,5
4,020,2
4,020,4
5,651,2
5,100,4
5,657,4
1,466,5
0,666,5
0,653,4
5,118,2
3,149,5
0,660,2
5,194,3
1,669,3
2,457,2
5,693,4
0,208,3
0,678,4
5,205,4
4,682,2
0,105,5
3,667,5
4,002,5
5,466,2
3,469,4
2,156,4
4,264,4
3,651,4
5,083,5
5,090,4
0,119,3
5,395,3
1,094,5
5,479,2
4,395,5
0,069,2
4,163,6
1,471,2
4,210,3
4,669,5
4,693,4
4,219,5
2,201,3
4,240,3
5,689,4
0,219,5
4,451,5
0,004,4
3,107,4
0,397,4
0,105,3
3,432,4
1,201,2
4,020,5
5,651,4
4,692,5
3,208,5
2,668,4
4,657,4
5,002,4
2,651,5
4,467,4
5,653,3
4,521,5
3,697,5
0,211,2
4,201,4
4,101,3
1,167,5
3,258,5
1,212,1
5,105,3
4,669,2
5,105,2
0,201,3
4,666,3
3,007,5
5,167,2
2,457,4
5,451,4
0,020,4
5,101,5
5,654,3
3,659,5
0,050,3
4,180,3
5,105,3
2,183,3
5,670,4
4,396,5
0,651,4
5,050,5
1,651,5
5,662,6
2,100,4
2,695,3
5,003,4
5,006,4
2,006,6
5,651,7
3,675,4
3,671,4
2,466,5
5,669,4
0,105,3
4,698,5
5,651,4
2,116,6
0,241,3
0,020,5
3,107,3
0,184,5
0,227,6
1,101,4
3,682,0
0,082,2
4,659,3
2,660,5
4,133,3
5,478,6
4,429,4
0,254,4
4,653,3
0,080,3
1,197,4
3,699,3
3,105,4
3,669,4
3,699,3
5,658,2
0,653,5
0,116,3
5,143,5
2,127,3
5,147,4
1,202,4
3,479,3
2,096,4
1,034,5
5,694,3
4,699,5
1,479,5
5,696,5
4,673,5
3,467,5
3,651,3
5,651,4
3,107,2
2,128,3
5,105,5
0,687,3
5,211,3
2,685,4
3,669,5
5,105,7
1,432,3
0,097,4
5,657,4
4,154,5
5,653,5
5,396,4
2,464,6
2,699,3
3,657,4
0,395,5
5,006,2
5,666,4
4,104,3
5,667,2
0,673,2
5,478,4
1,467,4
1,101,3
2,464,3
4,670,5
5,130,5
5,128,6
2,666,5
1,042,4
5,028,5
4,028,4
5,098,4
0,105,5
1,207,4
2,683,4
5,539,3
1,500,4
3,184,5
0,193,4
4,106,2
4,092,4
4,100,4
4,213,5
4,395,3
4,517,4
0,655,4
4,028,4
3,669,5
2,699,5
5,020,6
4,098,4
4,069,5
1,659,5
1,699,5
0,464,3
4,133,5
0,454,4
1,020,4
5,699,4
5,093,4
0,229,4
0,129,4
4,669,3
5,128,3
3,669,4
4,450,5
0,069,5
3,674,4
5,264,4
5,693,5
0,431,5
3,695,5
5,651,3
3,022,3
0,155,4
2,182,5
0,669,2
4,149,6
4,122,5
4,673,4
4,651,2
0,232,4
4,651,4
4,451,4
0,699,5
4,018,3
1,105,5
5,445,5
3,467,2
3,116,3
0,200,3
4,397,4
3,020,5
0,061,4
1,253,5
5,105,5
4,680,5
5,160,5
1,216,4
0,133,3
3,103,4
4,668,2
0,696,4
4,100,6
0,020,4
1,201,6
4,685,4
2,006,5
1,105,5
5,104,5
0,419,5
5,090,5
0,018,3
5,037,4
5,657,6
0,669,5
4,152,5
5,454,3
3,103,5
5,040,6
5,116,3
0,055,2
0,688,5
5,675,3
4,680,2
5,065,3
1,471,5
4,675,4
0,161,4
3,669,5
0,097,3
1,651,2
5,651,5
4,187,4
2,160,5
5,669,4
0,651,4
5,122,3
5,135,4
3,490,5
2,669,3
1,052,5
0,129,5
4,699,5
4,243,3
3,033,4
0,674,4
3,669,4
4,100,5
4,082,3
0,660,4
1,699,5
1,154,4
0,105,6
4,670,3
1,395,2
0,682,3
1,451,2
3,651,5
1,129,4
5,211,4
4,699,0
5,252,6
1,667,3
3,556,4
3,659,4
4,103,5
0,467,4
0,249,2
3,194,5
0,466,4
5,042,5
5,154,5
3,395,5
5,007,4
4,691,3
3,123,4
0,020,3
2,150,4
5,105,5
4,699,3
3,009,4
2,699,5
0,660,5
5,124,4
3,667,3
5,105,5
4,107,3
3,699,5
0,098,5
0,030,4
0,110,5
4,232,5
5,658,4
5,001,4
4,118,3
0,166,3
2,469,3
0,395,3
5,186,3
4,004,5
5,101,5
5,160,5
0,666,4
0,115,3
0,675,2
0,667,3
2,404,5
3,500,5
0,249,4
3,201,3
5,216,5
0,109,3
0,003,5
4,651,4
3,072,2
5,233,5
0,673,3
4,229,4
1,673,4
3,129,3
5,035,5
3,460,5
2,107,4
4,666,4
0,450,4
1,454,4
5,699,2
3,114,2
5,513,4
2,699,3
0,082,5
2,651,6
4,699,4
2,211,3
3,198,3
2,100,2
4,653,4
0,660,3
3,659,4
2,669,4
5,673,5
5,072,5
5,233,3
2,682,6
0,432,2
4,667,3
5,696,5
5,429,2
3,208,4
0,128,5
4,674,2
2,109,2
5,156,5
2,670,5
4,105,5
0,050,4
0,018,4
4,659,5
5,101,5
5,140,6
0,020,5
5,055,4
2,395,3
1,675,3
4,002,5
4,181,3
4,669,3
5,699,3
5,656,5
1,232,5
0,099,3
2,487,5
0,651,5
3,211,4
2,106,4
5,073,2
1,023,5
4,674,5
0,105,3
1,108,2
5,216,3
2,699,5
0,105,3
3,669,4
3,105,4
3,105,6
3,694,5
5,043,5
5,658,2
1,699,4
1,101,5
1,199,4
2,659,3
2,666,5
5,686,5
4,479,4
1,055,4
4,466,2
1,004,5
0,464,4
0,207,5
0,095,3
5,217,5
2,479,5
5,210,5
4,669,4
0,675,3
0,675,5
4,020,4
2,101,5
2,020,3
0,155,5
2,552,2
1,660,4
2,660,4
1,464,3
1,174,5
4,696,4
3,068,5
0,151,2
3,395,4
1,680,4
0,653,5
2,674,2
3,156,4
0,675,2
1,183,4
0,583,4
0,249,3
5,666,4
2,107,4
4,101,2
0,033,3
1,666,3
5,129,5
0,129,4
5,655,4
3,656,5
0,181,5
5,214,4
4,694,4
2,201,5
2,133,2
4,107,2
0,666,5
4,467,2
3,118,5
2,651,4
4,202,5
5,232,5
0,673,3
2,490,3
4,461,5
4,667,4
4,129,4
5,693,4
5,240,3
5,072,2
1,650,4
3,691,4
4,232,5
3,057,1
0,682,4
0,213,4
4,694,5
5,668,5
0,651,2
5,065,4
5,172,4
3,673,3
5,020,4
5,694,5
5,673,3
0,069,2
0,466,5
4,060,4
0,030,5
4,653,5
4,461,5
2,656,4
2,466,4
4,105,4
4,651,5
5,216,5
3,181,5
5,131,4
5,699,6
5,240,4
0,556,5
4,658,5
5,053,4
4,153,1
0,159,5
4,261,4
3,129,4
1,105,4
0,052,6
3,678,4
0,183,4
0,128,4
2,667,4
1,659,5
3,020,2
5,199,5
0,210,5
3,651,3
2,133,5
1,651,4
5,696,2
0,135,5
4,651,5
3,105,4
4,678,5
4,660,1
0,213,2
5,211,5
3,199,5
4,651,4
0,179,4
0,260,2
2,108,4
5,660,2
0,092,2
2,160,4
4,669,4
0,651,0
0,404,1
1,160,2
0,695,6
2,181,4
1,699,2
4,213,4
1,464,5
0,105,3
4,658,3
5,153,3
0,404,2
0,467,5
4,659,5
4,105,5
4,048,5
5,161,3
0,101,5
2,699,4
5,105,2
4,395,3
5,161,5
3,666,4
2,673,5
2,694,4
3,669,4
0,039,5
4,228,5
1,138,5
0,247,5
1,134,5
1,251,4
3,673,5
5,010,2
1,698,3
5,659,4
2,460,2
4,699,1
2,699,4
5,105,4
4,264,4
0,050,5
0,170,3
4,048,4
2,395,4
1,048,3
3,675,4
5,479,5
5,654,0
4,092,4
5,654,5
5,071,3
5,105,3
4,687,5
4,467,3
4,153,5
0,240,4
3,699,5
2,002,2
3,659,4
4,016,4
5,079,2
3,105,5
5,095,3
0,201,3
0,513,5
0,065,4
0,432,4
2,090,4
2,651,4
0,020,4
4,246,5
0,105,2
3,017,5
2,668,3
4,165,4
5,020,2
3,651,5
0,660,2
3,651,4
2,476,4
3,109,3
4,056,3
4,396,4
3,698,4
4,668,4
4,209,2
2,654,5
2,055,5
5,018,5
4,545,4
0,695,5
0,651,5
3,693,2
4,198,6
4,460,3
3,668,3
3,210,4
0,034,2
1,699,5
1,467,3
3,404,4
0,467,5
3,669,5
2,004,4
5,694,6
5,669,3
5,656,5
2,699,3
2,163,3
2,018,5
1,586,3
5,699,3
4,029,2
1,211,5
1,668,2
5,105,5
0,154,4
5,154,2
5,006,2
0,651,6
2,651,5
0,072,2
4,234,5
5,100,5
4,651,5
2,668,3
1,107,3
1,668,2
1,106,4
3,185,3
0,020,3
0,199,5
5,242,6
5,231,3
3,660,5
3,666,3
1,123,4
1,182,4
2,218,5
0,020,4
2,651,3
4,667,4
5,061,4
0,656,3
1,660,5
4,252,5
3,170,4
4,651,4
5,018,5
4,006,3
3,699,5
5,410,4
4,026,5
1,659,3
0,002,3
0,129,5
0,651,5
2,666,3
0,151,3
3,216,5
2,057,4
0,454,2
4,655,5
2,651,5
0,432,4
1,003,5
4,464,5
5,669,4
3,673,5
4,003,5
1,020,5
0,105,3
4,395,5
5,668,4
3,675,3
4,107,4
0,105,5
3,461,4
5,250,5
5,081,5
4,651,3
4,658,4
0,655,5
0,397,3
4,454,3
3,454,4
0,653,4
2,105,5
5,160,3
5,409,3
5,678,4
1,150,5
1,225,3
2,005,3
3,118,5
4,218,3
4,682,5
1,185,2
5,673,4
0,658,2
3,123,3
4,695,3
4,666,4
5,664,5
0,404,5
4,689,5
5,219,2
5,107,3
0,240,2
4,466,5
3,655,4
4,674,4
2,395,5
5,693,5
0,018,4
4,681,5
1,670,4
0,180,4
4,699,5
5,205,3
3,107,5
0,660,5
3,226,2
2,159,4
4,214,5
4,101,2
5,678,4
4,461,5
0,020,5
2,694,4
4,467,5
3,042,2
0,454,5
3,007,4
0,106,5
0,097,4
5,699,6
5,673,2
3,179,4
2,003,5
1,110,5
5,170,5
3,110,4
0,138,2
0,026,3
1,042,5
5,395,5
3,699,4
4,651,2
1,129,5
4,699,4
1,181,4
0,122,5
3,662,6
1,685,3
3,670,2
5,669,4
0,219,3
4,659,5
4,087,5
1,203,5
3,208,5
1,670,5
2,161,3
3,651,2
0,025,5
0,105,2
1,699,4
5,653,3
2,651,2
2,395,3
5,156,4
4,096,3
1,129,5
3,136,3
4,155,2
0,108,5
5,685,3
4,466,4
2,142,2
4,134,2
1,046,5
0,211,3
5,655,5
0,051,3
2,159,6
4,651,4
3,666,5
2,669,4
0,670,2
1,020,4
0,156,4
2,450,4
2,090,5
4,487,6
1,395,5
5,240,2
4,145,4
4,201,4
4,660,2
0,213,2
4,653,5
3,660,3
4,666,2
2,659,5
5,203,4
5,032,4
0,103,6
1,105,5
0,043,2
2,186,2
0,152,4
4,464,3
0,100,4
1,165,4
0,005,4
2,669,3
3,668,4
1,104,3
3,658,4
1,699,6
3,106,4
4,409,3
4,128,4
1,660,4
3,042,3
4,161,5
0,204,5
1,093,3
0,128,5
2,107,5
2,460,4
5,395,4
5,651,5
0,659,3
4,409,3
4,404,5
4,699,5
5,099,3
0,181,5
3,699,5
1,264,3
1,128,4
2,107,4
4,676,5
3,003,3
0,682,3
4,095,4
1,651,4
1,072,5
5,681,4
3,228,2
2,197,3
0,072,4
0,100,5
2,226,5
3,211,2
1,218,4
4,155,2
4,012,3
0,696,2
4,033,4
3,107,4
0,075,3
4,659,4
0,090,5
2,658,6
5,396,4
5,154,4
4,153,5
4,666,5
3,698,5
5,681,4
4,691,4
1,111,5
5,695,3
5,660,2
0,669,5
4,416,5
2,699,4
3,123,5
3,007,5
1,186,5
4,116,3
5,222,3
5,657,3
5,213,4
5,106,4
3,058,5
1,651,4
4,061,5
2,666,6
4,666,5
3,675,3
4,678,3
2,018,3
2,105,2
5,699,4
4,075,4
1,461,3
3,651,3
3,470,3
2,240,3
4,658,5
0,200,3
5,494,5
0,651,5
5,454,5
3,161,3
4,105,5
5,238,2
5,096,4
4,137,3
5,155,3
4,432,6
1,669,5
0,115,5
3,539,3
4,699,4
0,129,5
0,670,1
4,219,1
2,154,4
2,128,5
4,094,6
5,651,3
5,127,4
5,018,4
5,666,3
5,227,5
4,020,2
1,244,5
4,666,4
3,022,4
5,696,3
1,634,5
0,128,3
5,138,3
1,056,5
2,090,5
0,675,5
2,658,5
2,072,4
3,666,4
5,118,2
0,660,2
3,691,2
5,466,3
0,098,2
5,677,3
4,061,2
3,129,3
3,185,5
1,667,5
4,669,3
4,656,2
4,655,5
0,189,3
5,100,3
5,128,1
5,397,5
5,201,4
1,696,5
4,160,5
4,220,5
1,133,2
2,014,4
5,020,3
5,653,3
0,020,5
2,655,4
4,043,3
5,020,4
2,431,4
4,107,6
3,212,3
4,105,6
5,105,5
1,219,2
5,655,3
2,152,3
3,685,5
3,688,5
3,699,5
4,203,4
3,213,5
3,020,3
3,129,5
3,020,5
2,200,5
0,216,4
5,004,3
5,658,5
4,122,4
4,672,4
5,061,5
5,651,5
1,429,3
4,479,4
5,659,2
1,699,3
4,666,3
4,116,2
0,651,4
1,123,3
1,666,5
5,667,3
2,229,4
3,201,2
5,196,3
4,096,5
5,167,4
0,006,3
0,651,4
2,659,4
4,660,4
3,660,2
5,123,4
5,084,6
2,432,4
5,214,4
5,211,5
5,657,5
3,256,2
3,105,4
4,105,3
2,651,5
5,699,4
3,668,5
4,104,4
0,685,4
3,248,5
4,668,5
3,464,3
0,654,3
4,192,4
5,655,2
0,233,3
1,004,3
4,685,5
1,586,4
1,196,5
4,092,3
4,163,2
0,041,5
4,667,4
1,213,5
0,224,5
4,655,5
5,655,2
0,163,2
0,128,4
4,202,5
1,685,4
3,651,4
1,151,5
5,192,2
4,119,5
3,651,3
0,132,5
0,105,5
0,101,2
2,673,4
0,667,4
3,404,2
4,185,4
4,149,5
5,095,4
5,181,4
4,105,3
4,128,5
1,116,4
1,654,3
3,032,4
1,073,4
1,160,3
4,470,5
3,669,3
5,048,4
4,651,4
4,212,2
4,675,5
5,666,2
4,586,2
5,018,5
0,101,5
5,678,5
0,660,4
0,695,5
1,674,4
4,521,6
5,694,2
2,653,4
5,131,4
0,500,2
5,213,4
0,395,6
5,651,4
0,667,7
0,659,3
1,467,5
2,106,2
2,409,6
4,673,2
4,699,5
3,201,1
4,116,4
0,007,5
5,050,4
3,154,3
5,240,5
5,666,4
4,470,4
0,057,3
0,478,5
5,672,5
5,133,4
5,020,4
4,675,5
3,052,3
0,672,4
0,171,4
0,678,2
3,663,4
2,659,3
2,659,5
5,104,2
3,653,3
5,699,5
3,096,4
2,105,3
4,651,5
3,189,2
4,660,1
5,699,2
3,695,4
3,092,5
1,476,2
0,476,3
3,211,4
1,684,3
5,653,5
3,667,5
4,469,2
3,105,5
4,161,2
4,651,4
2,020,3
3,669,4
2,467,5
1,675,4
1,018,4
3,698,4
1,467,4
2,667,4
0,669,5
0,170,3
5,038,6
1,185,2
5,409,4
3,651,5
2,678,4
4,697,2
5,118,3
5,076,4
0,138,6
4,168,3
1,151,3
4,699,5
5,128,4
1,695,2
4,220,2
1,586,5
4,105,3
4,669,4
4,181,2
5,432,4
4,099,2
5,159,6
5,198,5
5,205,4
3,205,4
0,129,3
2,172,4
3,228,3
4,666,6
2,083,3
3,129,5
3,653,5
3,666,2
4,167,3
4,674,5
0,003,3
3,042,5
3,007,6
1,653,3
0,513,4
3,123,4
2,676,3
1,165,5
5,005,4
0,123,3
1,266,6
5,674,5
0,674,2
0,074,3
0,116,4
4,469,4
4,015,5
4,107,4
2,395,4
5,395,4
2,043,5
5,123,3
4,660,4
5,006,5
4,668,3
4,181,5
3,104,4
5,061,2
0,080,4
4,651,5
5,675,4
0,012,5
5,466,5
5,123,5
1,675,5
5,670,3
2,107,5
5,545,4
2,457,3
2,107,2
3,548,2
2,693,5
5,160,5
5,690,5
4,107,3
5,240,4
4,666,3
3,163,4
5,185,5
2,101,2
4,167,5
0,006,6
5,669,2
5,699,5
0,653,6
2,165,1
4,055,4
4,167,5
4,673,5
3,699,2
1,116,4
2,187,2
1,651,4
1,211,3
4,006,3
0,674,4
5,666,6
3,666,4
1,681,5
4,160,4
1,657,3
2,660,6
4,660,2
1,170,3
4,202,5
3,105,3
0,185,3
3,106,4
1,022,3
0,659,6
0,215,2
1,121,5
0,659,4
3,112,5
4,023,5
5,693,2
2,160,5
4,401,3
4,678,5
5,651,5
0,123,4
3,651,4
2,129,5
3,466,3
2,100,3
4,213,5
3,061,3
3,556,3
2,673,3
2,479,5
1,675,3
0,476,2
1,109,5
1,699,5
2,048,5
3,653,4
4,127,6
1,682,2
4,699,2
4,167,4
5,460,4
3,105,3
3,209,4
5,181,3
4,685,4
2,669,5
0,006,7
2,123,3
2,003,5
4,106,2
3,108,5
4,651,4
3,160,4
4,160,6
0,470,4
4,224,5
0,118,5
5,651,5
5,220,4
0,675,4
5,105,3
0,048,5
5,651,3
5,007,6
5,674,5
3,105,4
5,123,4
4,669,1
4,575,3
4,233,5
3,487,5
5,228,3
0,239,4
3,651,3
2,147,4
4,060,4
3,248,4
2,152,5
5,061,5
3,210,3
5,189,4
4,457,3
1,673,5
1,666,3
1,539,4
3,105,4
0,105,3
0,003,3
0,676,5
4,007,5
4,682,4
4,254,4
2,199,2
3,065,5
0,660,5
3,674,3
4,681,5
4,232,4
4,017,0
4,699,3
3,686,3
3,006,3
0,116,1
1,467,3
0,658,3
4,161,4
3,108,5
1,105,4
5,699,5
2,651,5
2,065,3
1,680,4
0,666,4
4,111,5
0,673,4
5,186,4
1,038,2
0,020,4
5,072,4
3,699,2
3,105,5
0,653,5
5,167,5
5,454,2
4,651,3
3,101,2
4,018,3
5,042,5
4,025,4
3,666,5
3,666,4
3,395,5
3,651,3
5,450,5
5,211,4
0,209,5
0,129,6
2,397,4
5,696,5
2,669,5
2,201,5
2,397,4
0,681,4
4,091,4
4,101,3
4,409,5
5,466,3
0,667,3
2,266,5
3,476,5
3,395,3
3,669,7
5,128,5
4,128,5
2,209,5
0,055,3
3,055,4
1,669,6
3,203,5
3,466,6
4,464,4
1,476,5
4,686,5
1,243,5
4,659,2
4,055,4
5,228,3
3,001,5
0,668,3
5,651,5
5,660,3
4,229,4
1,016,4
2,667,5
0,651,2
1,240,5
4,199,4
0,210,3
2,186,4
0,545,2
0,154,4
5,667,5
5,466,3
4,691,3
5,106,5
2,668,4
5,669,5
4,695,3
1,242,3
4,109,5
5,476,4
5,043,3
5,069,5
4,678,5
3,191,2
1,082,4
5,656,4
1,699,2
0,695,5
4,007,2
4,105,3
2,153,6
1,090,4
4,018,3
3,467,3
1,655,5
4,659,4
2,653,3
1,469,3
0,092,4
5,669,4
1,673,3
0,666,2
0,667,6
1,658,3
5,699,3
3,110,6
2,467,1
4,094,5
0,651,5
2,138,4
0,105,3
5,184,2
5,396,0
5,667,3
3,189,5
1,108,3
0,675,3
0,659,4
1,207,2
5,111,5
4,227,4
0,038,3
4,106,4
4,651,4
3,123,5
3,162,3
1,658,4
2,685,4
2,666,5
5,651,5
4,653,5
3,160,4
0,147,4
0,660,2
4,395,2
5,109,2
2,097,3
3,410,4
1,057,6
5,105,3
1,161,2
4,045,4
0,020,4
1,174,4
0,669,3
4,471,5
5,668,3
5,099,5
4,187,5
4,046,4
5,471,4
0,123,4
4,069,2
3,699,2
5,221,5
0,651,5
3,666,5
1,203,5
2,209,5
0,216,3
0,466,3
1,675,4
3,696,5
1,556,4
5,461,5
2,213,5
4,699,4
3,689,5
2,651,4
4,666,4
5,215,5
5,651,3
4,107,5
1,451,4
0,454,4
2,006,4
0,149,4
4,006,4
1,072,4
5,226,5
4,662,4
5,395,2
5,693,4
2,666,3
3,039,4
5,063,4
2,203,4
1,685,5
3,651,3
4,095,5
4,221,3
4,699,2
5,395,4
5,669,5
4,699,3
4,657,3
0,243,4
4,171,5
3,113,2
4,116,4
0,668,5
4,666,3
4,005,3
3,651,6
4,666,2
1,090,5
0,206,4
1,055,5
4,664,5
5,658,5
4,699,4
4,055,2
2,099,4
1,105,5
4,196,3
5,138,6
5,091,2
5,680,5
4,118,4
1,067,4
4,682,4
1,018,3
0,076,4
2,660,5
4,682,4
0,124,2
0,033,4
1,664,2
4,201,5
5,005,4
3,693,4
0,521,4
3,664,5
0,061,3
1,659,4
3,249,5
4,469,4
1,464,4
4,419,5
0,692,5
1,696,3
1,063,2
5,187,5
5,010,4
3,155,5
2,020,5
0,699,3
3,006,3
0,004,6
0,002,3
1,202,3
1,078,5
4,651,5
5,222,4
1,669,5
5,014,5
0,699,4
5,051,3
5,699,5
4,653,5
4,129,3
4,199,3
5,155,4
3,042,2
5,182,4
1,020,2
5,105,3
1,108,5
0,199,5
0,004,3
4,229,4
4,470,3
2,128,3
2,211,3
2,695,4
5,244,4
4,698,4
4,163,4
4,667,2
5,409,7
0,666,4
3,213,5
5,699,5
3,693,4
5,105,5
5,467,4
2,172,5
5,149,3
0,105,4
2,105,5
4,657,5
4,160,4
4,464,3
3,547,5
1,682,5
0,105,4
4,105,4
4,431,4
2,105,4
3,669,2
2,432,4
3,659,5
4,395,5
0,110,4
2,659,5
0,680,2
3,651,3
5,409,5
1,090,5
5,674,4
3,699,5
0,101,5
5,251,4
1,659,5
5,105,4
2,659,5
5,674,3
2,651,3
5,478,4
3,653,5
3,020,2
4,101,3
4,651,4
4,020,4
5,195,5
5,467,4
2,209,5
4,004,4
1,200,5
1,651,4
2,105,4
5,651,5
5,699,4
4,651,3
5,666,3
4,020,3
0,020,4
4,135,5
3,135,2
0,397,4
3,020,5
1,242,5
1,070,4
0,669,5
1,659,3
4,655,5
4,048,5
1,228,4
4,683,3
5,124,4
5,079,3
5,539,3
5,657,4
3,651,4
5,211,4
3,657,5
3,154,4
0,203,5
1,163,4
4,466,2
2,470,3
3,699,3
1,160,4
1,003,4
4,666,4
1,156,5
4,185,1
2,152,2
3,020,2
5,183,5
5,184,5
0,105,4
4,669,3
3,105,4
3,105,2
2,002,3
0,050,5
0,170,4
2,694,5
3,182,5
3,152,5
5,666,3
5,181,5
2,651,4
5,466,5
0,016,5
4,431,3
5,660,3
0,078,6
4,699,5
4,699,4
0,651,4
3,153,4
1,675,5
5,651,2
5,651,3
3,122,4
4,150,3
5,660,5
5,659,4
3,123,5
4,513,3
5,006,2
1,693,3
1,662,2
4,004,4
2,669,3
1,466,5
5,669,4
4,186,4
4,165,4
0,466,2
4,682,3
0,699,3
4,672,3
0,058,5
2,410,5
5,010,5
1,175,4
0,464,4
4,490,3
2,460,4
5,102,5
5,666,5
1,097,3
4,652,4
1,660,2
5,160,5
1,255,6
4,666,2
5,654,4
0,110,4
4,040,5
4,676,4
5,249,5
4,257,5
0,020,4
1,699,3
4,104,4
4,401,1
0,004,6
4,005,5
3,006,3
3,101,3
3,219,5
5,676,4
3,670,5
2,487,4
5,466,5
4,666,4
5,024,4
1,181,3
5,669,4
5,228,4
5,020,4
4,666,1
1,669,4
4,048,5
5,101,3
0,669,4
4,672,4
4,682,2
0,129,5
2,586,5
2,521,4
1,107,4
5,209,5
2,104,4
3,201,5
0,656,6
4,119,4
5,699,2
4,651,4
5,144,2
0,020,5
0,147,5
0,255,2
5,035,5
0,034,5
3,699,4
1,653,3
2,659,3
1,003,4
0,011,4
5,098,4
5,061,4
2,521,3
5,067,3
0,186,5
0,128,2
0,101,4
4,228,4
0,097,4
5,664,5
3,151,5
1,028,5
3,466,2
1,202,2
5,028,5
0,129,2
5,219,3
2,693,3
1,208,5
5,055,4
0,155,7
0,651,5
3,129,3
0,659,5
0,208,4
0,189,4
5,149,2
5,012,5
4,672,4
5,100,2
4,107,4
3,090,4
4,669,0
2,674,5
3,249,4
1,138,4
1,003,4
3,095,3
3,157,5
5,211,3
5,051,5
0,699,2
5,476,5
5,100,3
0,487,4
2,429,4
3,009,3
5,048,3
1,651,5
3,395,2
1,042,5
3,230,6
5,216,3
4,656,5
1,235,5
0,105,4
0,123,5
5,397,2
5,667,5
1,665,3
0,199,3
3,651,4
1,007,5
4,007,2
4,160,4
0,655,3
0,666,4
0,167,3
5,186,3
5,185,5
2,027,4
4,397,3
0,651,4
5,547,2
2,695,3
5,004,4
0,216,5
5,667,5
4,181,3
0,234,5
2,659,0
4,670,3
5,696,5
4,009,4
5,654,4
3,052,5
0,262,5
1,680,5
0,174,5
5,101,2
5,007,5
0,199,5
5,669,5
3,575,5
2,121,3
1,454,4
5,683,5
0,042,3
5,651,4
4,454,2
3,666,4
5,419,4
0,225,5
3,471,4
4,006,5
4,007,3
3,018,3
4,185,2
4,219,4
0,123,2
0,204,3
3,575,4
5,160,4
4,547,5
5,105,6
5,168,3
2,404,3
5,466,4
3,699,4
5,651,3
2,090,2
3,450,2
4,096,2
5,260,4
5,219,4
0,653,3
3,669,5
0,470,3
5,651,5
0,048,3
5,667,3
4,047,3
5,397,3
2,006,4
1,020,5
5,109,5
5,219,2
0,240,5
0,189,4
5,653,4
4,409,3
2,656,4
1,660,5
5,651,4
5,129,3
3,128,5
4,151,2
0,669,4
1,248,5
1,539,1
3,165,4
2,165,4
0,676,3
3,048,4
4,487,5
1,017,5
1,131,2
0,651,5
0,675,3
5,677,6
5,105,3
3,694,2
2,128,5
3,397,3
2,660,3
5,669,4
1,168,5
0,201,5
5,667,5
3,478,5
4,129,5
1,669,2
5,651,3
0,470,4
0,095,3
4,695,5
4,156,2
5,216,2
0,181,4
0,162,3
3,668,4
5,454,4
0,104,5
2,699,3
4,201,5
2,151,5
4,034,4
0,660,5
0,101,5
4,123,5
1,219,3
3,099,4
3,668,3
4,095,4
0,168,5
5,015,2
5,195,3
4,450,3
2,395,3
4,397,5
5,651,4
1,216,5
5,106,5
0,194,5
0,021,2
1,395,4
5,111,2
4,667,1
5,128,5
3,179,5
0,109,2
3,396,4
3,205,5
4,586,3
5,699,4
4,659,4
4,030,6
0,116,2
2,668,3
3,686,3
5,189,4
4,004,5
4,048,2
1,095,6
0,674,2
5,119,5
2,077,2
2,653,5
0,208,4
1,028,4
5,216,2
1,696,5
0,651,4
1,192,4
3,467,2
4,202,4
5,078,5
4,683,4
0,256,4
4,669,3
4,667,4
2,052,5
0,675,3
1,092,3
0,655,2
1,184,4
4,696,4
1,667,5
0,660,3
4,003,5
5,172,2
3,651,1
5,055,2
0,006,4
4,663,5
0,666,4
2,179,4
1,229,2
0,103,3
4,660,4
1,080,3
0,018,6
0,451,3
2,007,4
0,124,5
4,035,4
4,699,2
5,655,5
3,097,2
3,105,4
4,397,2
5,699,5
5,105,4
5,061,4
0,678,4
1,153,3
3,152,4
3,416,5
4,005,4
0,129,4
3,123,3
2,451,6
5,163,2
5,675,2
1,028,4
2,651,3
0,220,3
4,229,3
5,668,3
4,487,6
4,156,5
0,027,3
1,116,5
4,669,3
4,105,4
0,479,2
2,395,5
5,653,4
0,651,4
5,699,4
4,651,5
1,198,4
5,043,3
1,669,3
2,669,3
3,521,3
0,667,5
1,696,3
4,699,4
1,209,2
3,107,4
1,442,5
5,211,3
5,098,4
1,651,5
5,395,5
4,251,2
0,669,5
5,545,4
0,432,5
5,210,4
1,678,5
1,050,4
2,658,4
2,699,3
0,256,5
1,049,5
1,061,5
5,693,2
2,123,5
5,556,2
0,018,5
0,651,3
4,651,5
1,187,3
5,673,5
4,464,4
0,651,5
3,699,4
3,129,3
4,664,3
4,396,4
4,104,4
5,397,2
2,006,2
0,128,3
5,654,4
0,659,6
5,105,2
4,006,5
0,039,2
1,039,4
5,471,4
3,556,5
4,669,5
5,170,3
5,666,5
4,113,4
3,020,2
3,500,4
2,189,5
0,521,4
4,658,5
3,653,5
0,666,3
5,575,4
0,054,5
4,213,4
5,105,4
5,666,4
4,048,3
1,092,4
0,513,4
0,673,2
2,129,4
3,699,4
5,020,2
2,048,3
1,006,5
5,669,4
5,662,3
5,699,5
3,662,2
0,152,5
0,172,2
5,699,5
0,105,5
2,651,3
2,151,4
5,136,3
0,075,2
4,042,4
4,163,2
4,187,5
1,651,5
2,203,4
4,248,4
5,202,3
0,101,5
0,020,5
5,490,5
5,109,5
3,467,3
3,105,4
0,651,2
4,699,4
0,105,4
2,204,4
0,003,3
0,466,2
5,685,2
5,665,4
2,467,5
0,221,4
0,016,5
0,660,4
5,170,5
3,659,5
0,664,2
1,667,5
0,699,6
0,080,5
3,450,4
0,100,3
5,658,2
2,678,4
5,075,4
3,128,3
4,696,5
5,200,4
0,698,5
0,659,4
4,004,4
0,651,2
3,675,4
3,143,5
2,116,2
5,050,4
5,659,3
5,258,2
0,673,5
4,651,5
0,248,2
5,659,5
4,167,4
4,699,5
1,699,2
5,240,5
4,228,1
5,651,5
5,018,3
2,699,3
4,020,4
0,203,4
0,227,5
5,699,2
5,669,3
5,655,4
0,669,4
4,669,5
1,683,5
4,669,5
4,088,5
3,667,3
0,004,4
1,128,3
5,048,4
1,696,5
1,651,4
5,669,3
0,198,4
5,028,3
3,667,7
1,185,2
5,213,2
0,075,4
3,680,4
5,651,4
4,189,4
5,470,2
3,105,1
1,232,4
4,669,3
4,666,5
3,004,5
0,239,4
4,128,2
0,667,4
0,598,5
2,395,4
3,050,4
0,053,5
0,696,4
3,660,3
2,659,4
5,653,2
5,651,4
0,186,3
2,028,5
1,675,4
2,410,4
1,020,7
2,687,4
5,199,4
1,653,6
2,656,4
1,653,3
2,651,5
0,660,6
1,262,3
4,693,5
5,490,4
3,659,5
4,109,4
3,209,2
1,170,5
4,467,3
5,678,3
0,404,4
2,696,5
4,699,6
3,651,4
4,102,6
2,020,3
2,080,5
5,660,5
4,061,2
4,181,3
0,131,4
5,019,3
5,039,5
5,021,2
3,689,3
3,659,3
0,678,4
5,467,6
1,401,6
5,666,2
4,003,2
5,654,4
2,200,0
5,056,5
0,396,4
3,699,4
2,673,3
1,410,4
5,160,5
2,178,4
3,653,5
4,689,4
3,172,5
5,035,3
0,097,5
5,189,6
1,210,3
2,698,4
5,191,3
0,105,5
5,651,2
2,652,2
0,133,5
0,035,3
0,191,4
5,107,5
0,659,4
5,396,5
1,010,2
4,669,4
0,059,2
4,675,4
2,213,5
0,656,4
3,100,5
3,105,3
0,105,3
4,107,2
0,020,5
4,027,2
5,490,1
4,651,4
0,220,5
2,100,2
1,211,4
1,051,5
4,666,3
0,133,2
2,464,5
0,067,7
5,667,5
2,233,2
3,042,3
2,077,5
3,096,3
5,678,5
0,207,3
2,659,3
0,206,3
2,177,3
0,033,4
3,660,3
0,006,4
4,672,3
2,209,5
4,118,5
5,247,3
5,678,3
0,178,2
1,200,5
3,653,2
4,651,5
5,410,5
5,061,3
5,003,4
0,200,2
3,214,4
3,669,5
5,123,6
1,105,2
0,651,5
1,110,3
2,432,5
5,666,5
0,105,3
4,466,5
5,002,5
4,210,5
3,685,4
0,669,4
3,199,5
5,230,3
3,224,3
0,063,4
2,673,3
2,659,2
4,653,3
4,694,6
5,003,4
2,666,4
0,653,4
4,467,3
4,513,5
5,153,3
4,059,4
3,693,2
5,086,5
5,105,6
0,081,3
0,052,3
0,651,2
4,097,3
3,020,2
2,186,3
1,669,5
0,656,3
3,096,2
5,109,4
4,658,5
1,006,4
4,673,4
3,133,5
4,651,5
3,464,4
2,651,6
3,675,2
5,167,3
2,006,5
0,651,5
5,464,3
5,179,4
1,133,5
0,098,5
4,699,3
3,699,5
3,686,5
0,027,2
3,699,5
4,100,3
4,149,2
5,105,5
5,020,5
5,048,5
1,038,3
5,651,5
5,170,4
4,057,4
5,189,7
0,180,3
5,651,5
5,019,4
4,666,5
3,219,2
5,539,5
5,134,4
4,404,2
4,575,5
1,153,3
4,476,2
1,119,4
3,655,4
1,206,3
4,007,5
3,651,3
5,651,5
0,204,5
5,666,2
1,042,6
2,006,4
1,154,4
0,666,4
3,203,4
3,395,3
5,697,4
1,202,4
2,655,4
2,668,4
3,513,3
2,016,6
4,181,5
2,432,4
5,689,5
0,096,4
1,023,3
4,096,5
1,660,4
4,666,2
2,667,4
4,163,2
4,397,2
3,586,5
4,068,7
2,500,4
3,042,4
0,079,4
5,191,4
0,105,5
3,687,5
5,020,2
3,092,5
3,052,5
1,651,4
0,232,4
2,696,4
0,107,4
5,669,4
1,184,5
2,007,5
3,123,5
5,651,4
0,668,4
1,658,3
5,404,4
0,699,5
2,659,5
3,118,3
0,670,3
3,460,4
0,677,3
2,160,2
3,694,3
1,660,5
0,101,6
1,065,2
2,651,4
4,666,4
4,156,5
2,687,5
3,699,2
5,097,3
5,105,5
1,003,3
1,034,5
4,185,6
0,052,4
5,476,3
4,668,1
2,460,5
0,023,2
5,653,2
0,028,2
4,047,4
5,123,4
2,219,5
3,119,5
5,056,3
4,014,5
5,072,3
0,699,5
5,202,5
5,170,5
3,685,4
4,667,5
5,658,5
1,250,5
5,031,3
0,101,4
2,556,5
4,118,3
0,667,4
4,667,4
5,698,1
2,395,4
4,129,3
1,227,5
0,203,5
3,693,3
3,118,4
5,651,4
4,090,5
0,547,2
5,153,5
5,397,2
1,669,5
3,668,2
2,005,2
5,117,2
5,155,4
0,018,4
1,185,5
3,669,3
0,669,5
5,667,4
3,651,4
4,105,5
2,095,4
4,212,2
0,092,6
4,410,2
0,675,4
1,096,4
1,054,5
0,673,3
2,454,2
2,198,4
0,218,5
1,659,4
0,454,5
0,004,3
4,669,5
1,666,4
1,116,2
1,122,3
4,108,5
2,673,4
0,696,5
5,123,3
0,209,5
2,669,4
2,160,5
4,666,4
0,660,4
5,103,5
1,008,3
2,204,5
4,128,4
5,105,3
5,686,3
0,055,5
5,395,4
4,133,3
3,467,1
5,240,5
4,669,2
4,460,5
5,678,3
5,191,5
4,397,4
2,683,5
3,668,3
0,651,5
5,185,5
2,007,3
4,678,4
3,699,3
3,229,4
3,110,5
4,666,3
0,076,5
5,651,5
0,160,3
2,651,1
1,656,3
5,015,2
3,659,4
1,684,2
1,682,4
5,657,4
4,196,5
4,601,5
1,184,6
5,011,5
1,693,5
0,167,4
0,697,3
5,172,4
0,159,5
5,189,4
0,658,5
3,133,3
2,669,4
2,410,4
3,653,4
0,454,6
5,006,4
1,052,5
3,699,4
4,660,5
4,119,6
0,048,4
0,673,4
4,659,5
4,173,4
0,666,5
5,479,5
1,669,3
0,211,5
0,160,2
0,018,3
4,699,3
5,685,4
0,074,2
4,698,4
0,040,5
3,467,5
5,470,3
5,123,0
5,123,4
4,476,3
1,699,6
3,028,5
1,176,5
5,017,2
3,681,2
3,201,3
0,160,2
5,219,3
2,454,5
4,211,3
3,669,5
5,669,3
1,095,4
5,261,5
3,651,2
5,670,4
5,227,5
5,166,5
3,689,5
4,660,2
3,667,4
1,181,5
3,005,4
4,122,2
5,655,4
0,395,3
4,479,6
4,454,4
4,159,5
0,654,4
5,172,6
1,233,3
3,169,3
1,699,3
5,397,6
5,107,3
4,693,5
3,167,2
3,119,4
5,057,4
4,658,4
5,169,3
3,166,3
4,209,3
0,007,4
5,123,5
4,045,3
3,259,4
3,153,3
5,058,5
0,167,3
4,166,5
5,124,4
5,651,5
4,105,2
3,171,5
4,654,2
5,651,5
1,109,3
1,651,5
2,010,4
0,198,4
1,092,4
5,118,1
1,086,5
4,017,4
5,404,3
5,114,2
5,183,3
3,656,5
4,129,4
4,005,4
5,675,4
4,198,4
5,015,5
0,101,3
5,226,5
4,667,4
4,451,4
0,220,5
4,124,1
1,461,5
4,240,2
4,172,3
5,687,3
5,667,5
3,699,5
3,697,4
2,670,6
5,669,2
3,105,2
0,219,4
4,666,6
3,655,2
5,666,3
2,651,3
5,653,4
1,198,4
4,169,4
5,490,3
3,668,5
3,694,6
4,123,4
4,464,5
5,007,6
2,686,2
1,666,3
1,669,3
4,669,5
2,667,4
1,249,4
4,240,3
3,002,5
3,118,0
5,033,4
2,052,3
5,152,3
4,020,5
1,680,2
4,669,2
4,209,5
5,658,3
0,180,5
5,105,3
4,660,4
1,471,3
0,190,3
3,667,4
5,054,4
4,159,5
0,651,5
0,539,5
5,659,4
0,119,3
5,451,5
5,128,5
4,667,2
3,192,5
1,659,5
3,669,4
5,152,5
3,164,5
3,054,3
3,454,3
4,397,3
2,118,5
2,229,7
5,002,6
4,101,4
5,184,3
3,053,5
1,055,4
2,198,5
0,110,2
5,699,5
4,487,5
2,248,2
0,198,3
5,699,2
1,123,4
4,105,4
5,671,4
4,694,5
1,669,4
0,651,5
5,120,2
5,651,4
5,189,3
1,123,5
4,695,3
0,240,4
0,656,4
1,685,4
4,397,3
0,410,3
4,129,4
5,020,4
0,020,5
3,699,3
4,105,4
3,249,3
0,130,3
0,674,2
5,676,5
0,651,2
0,006,5
4,660,4
5,675,3
5,655,4
0,397,3
0,654,5
5,162,4
2,699,5
0,666,4
2,007,5
5,020,5
3,066,3
1,159,5
1,161,2
5,674,4
4,264,5
1,007,4
0,657,3
0,080,5
3,226,4
1,225,5
0,592,2
2,160,2
4,048,2
4,264,3
1,018,5
5,166,4
3,046,4
4,140,4
5,096,5
1,018,2
5,200,4
4,020,4
3,172,5
5,123,4
3,397,3
4,020,5
5,688,4
0,081,2
4,057,5
2,217,5
5,670,3
5,683,5
4,670,5
3,396,4
5,020,4
5,040,5
5,227,6
2,687,3
2,670,4
4,153,2
3,479,4
5,090,5
4,101,6
0,129,4
3,659,2
2,668,2
4,586,2
3,018,4
1,158,5
4,105,2
1,016,6
0,106,5
5,124,3
4,464,4
2,003,4
0,651,4
1,668,4
4,659,4
5,109,5
5,651,3
3,656,4
5,164,4
0,686,4
0,104,5
4,397,4
3,133,4
0,101,2
4,669,3
0,699,5
5,039,3
0,131,3
3,673,3
5,181,4
2,168,6
0,686,2
4,539,3
5,653,3
3,202,5
2,651,5
0,651,5
2,189,4
0,241,5
5,470,3
0,160,2
2,666,4
3,209,4
4,110,4
0,203,2
5,699,5
2,675,3
5,020,4
1,667,5
4,651,5
3,196,4
0,260,3
4,197,3
1,039,4
1,658,5
0,699,5
2,660,5
2,018,4
5,655,2
4,669,4
3,101,3
1,669,2
1,048,5
5,397,4
0,040,5
4,151,5
5,105,4
0,121,5
0,699,4
0,432,5
3,153,2
1,007,5
0,694,5
0,667,3
1,651,2
3,651,4
4,244,4
5,057,5
3,039,3
4,105,3
4,086,5
5,104,3
5,651,4
4,107,3
5,020,4
0,228,3
5,699,2
4,128,2
4,169,3
3,676,5
0,105,6
4,244,4
4,105,3
0,653,5
4,215,4
1,138,3
5,138,5
5,138,4
5,668,2
1,694,4
1,678,3
5,153,6
4,003,3
0,237,5
5,130,4
0,101,3
0,696,2
4,696,5
5,454,5
3,020,4
3,697,5
5,666,5
3,699,5
1,479,2
1,243,4
5,211,5
0,051,5
5,666,4
0,136,4
1,698,5
4,105,5
5,106,3
1,669,3
0,660,3
0,104,5
1,500,5
3,143,6
0,209,2
2,651,3
4,226,3
3,149,4
0,114,2
5,105,4
1,118,3
5,194,4
0,090,3
5,655,5
2,674,4
5,005,4
0,008,4
5,053,5
3,673,4
3,675,3
0,105,2
1,685,5
2,249,3
5,668,5
0,077,4
4,200,2
5,659,2
5,119,5
4,653,3
3,211,3
3,042,4
0,007,5
5,095,4
0,105,4
3,666,5
3,246,4
5,224,2
5,128,5
1,454,2
0,085,3
1,158,4
1,699,5
4,163,5
2,552,5
4,552,4
4,397,5
4,215,5
4,699,3
1,651,3
3,659,3
2,080,4
0,077,4
3,666,2
5,674,2
4,699,3
5,432,2
0,186,4
4,226,3
0,669,4
3,213,5
2,208,5
4,118,3
0,651,4
3,432,5
4,432,3
5,466,2
1,186,4
4,669,5
5,657,6
4,500,5
5,197,5
3,653,2
3,154,3
0,118,3
4,265,3
0,103,3
2,194,5
2,666,6
4,104,4
5,657,4
3,466,5
3,521,2
2,181,4
5,105,5
1,675,4
3,651,4
0,669,4
5,194,5
1,432,3
3,032,3
0,666,4
4,224,4
4,105,5
0,680,5
0,696,5
1,699,5
0,152,5
3,666,4
4,007,3
4,666,3
4,397,2
3,397,5
0,651,4
4,659,5
2,162,3
1,651,5
0,040,4
2,050,3
3,006,3
0,457,5
0,655,4
1,140,3
4,128,5
4,651,3
2,654,5
2,250,4
3,250,4
0,699,4
5,090,5
0,042,5
1,105,2
5,460,1
1,181,5
2,007,4
2,226,2
1,395,5
2,651,2
3,092,6
3,675,3
0,684,5
1,490,4
4,699,1
3,699,5
5,128,3
2,212,4
5,264,5
5,123,5
0,249,5
0,240,4
0,192,5
0,215,5
1,699,5
2,043,5
3,186,5
5,657,4
5,105,5
4,101,5
5,669,4
3,058,4
0,653,3
2,265,5
4,395,5
5,215,2
5,051,2
2,651,5
1,096,4
2,660,4
3,105,5
3,694,5
0,003,5
3,651,4
5,213,3
0,651,5
3,100,1
0,666,4
0,689,2
2,651,1
2,123,3
4,651,4
1,110,2
1,214,3
1,263,3
3,675,5
5,074,3
4,669,5
3,697,3
5,159,3
0,161,1
3,105,5
3,699,4
5,123,2
5,123,3
4,659,5
4,678,4
5,699,5
5,098,4
1,104,5
0,460,3
3,699,3
3,470,3
0,185,6
4,059,5
5,676,5
5,674,4
0,660,4
2,226,3
3,450,5
3,226,4
2,432,2
3,659,5
2,670,4
2,659,6
5,105,0
5,666,3
4,020,3
0,028,4
4,404,4
5,233,4
5,020,4
3,653,3
5,150,3
1,660,3
5,659,5
1,669,5
0,653,3
0,653,5
0,106,3
3,154,3
5,699,4
0,159,3
0,199,4
1,673,5
4,432,4
1,086,3
0,693,3
0,135,5
0,016,5
4,055,3
0,181,2
0,020,4
0,675,5
3,100,4
1,651,4
4,102,5
2,669,4
5,666,2
5,471,3
5,096,4
1,105,5
2,209,3
5,057,3
1,667,4
1,651,4
4,159,4
5,651,4
4,048,5
4,674,4
3,397,3
4,226,3
4,160,2
4,227,3
0,095,2
5,129,4
4,586,3
1,043,3
0,146,5
0,047,4
5,105,4
0,676,4
4,666,2
5,249,4
1,048,4
1,693,2
4,699,3
0,651,5
0,110,5
3,018,5
4,232,4
1,213,2
3,666,3
4,659,3
3,111,5
5,651,2
5,669,5
3,664,5
4,123,5
1,460,5
0,666,4
4,698,5
0,128,3
3,230,4
5,657,4
5,656,5
5,656,3
0,073,4
0,669,5
5,660,3
5,651,5
5,199,2
0,166,4
3,213,2
4,096,3
3,674,3
4,043,3
5,185,5
0,215,4
4,250,5
4,122,5
1,111,4
0,696,5
1,668,3
4,651,4
0,151,3
0,153,5
0,176,2
5,666,2
4,128,4
1,198,6
0,186,5
4,651,5
0,651,5
3,467,5
3,203,5
0,450,5
2,111,3
2,052,3
2,007,2
5,699,0
1,052,5
5,655,4
1,060,5
2,120,5
1,219,5
5,669,5
5,175,4
3,666,6
2,095,3
5,206,4
3,437,2
4,521,4
1,699,3
3,659,4
4,397,4
4,450,4
0,036,4
3,669,3
5,460,5
3,264,5
4,267,5
4,657,4
5,104,5
5,128,3
2,466,5
4,003,5
5,160,2
0,666,5
0,669,5
4,160,2
3,651,5
2,052,6
5,189,5
0,666,2
2,179,3
2,258,5
0,001,5
0,255,4
0,008,3
4,651,5
0,103,4
2,048,4
2,217,2
1,678,2
5,660,4
0,678,4
4,698,4
5,039,5
1,659,3
1,064,5
3,699,5
0,217,5
3,203,5
5,490,3
5,454,1
4,094,3
5,699,5
2,157,4
4,695,5
0,693,6
5,674,4
4,003,3
1,048,4
2,160,4
4,160,5
4,105,5
0,104,5
5,674,5
3,669,4
0,081,3
4,651,5
1,686,5
2,219,4
3,586,4
5,467,4
4,674,5
5,214,5
4,129,5
0,673,3
4,395,4
4,695,2
4,079,6
1,020,3
2,668,4
0,240,4
3,575,4
3,186,4
1,211,3
5,152,4
0,651,4
0,018,3
1,651,3
0,250,3
4,099,4
4,668,5
5,198,3
0,008,5
0,134,5
2,675,4
4,105,4
2,651,1
5,024,3
4,660,4
0,651,4
2,660,5
0,029,2
0,105,4
5,105,3
0,105,3
3,672,2
0,226,7
3,687,4
5,092,0
0,651,4
0,521,5
3,660,4
5,148,3
0,056,3
4,056,6
4,651,4
2,696,5
3,149,4
2,659,3
5,116,3
3,669,4
5,151,4
0,155,3
5,651,4
5,105,3
5,696,4
0,109,2
2,687,3
4,699,5
0,670,4
4,659,6
3,226,5
3,651,4
4,467,3
4,036,3
0,077,3
0,236,2
0,187,3
5,096,5
5,216,4
0,651,3
0,048,5
5,105,5
3,265,4
4,153,4
1,659,2
4,660,5
1,696,4
1,101,4
5,232,5
1,105,5
0,218,4
4,105,4
5,028,0
4,216,2
0,117,2
5,054,5
5,667,4
5,673,3
0,101,3
1,240,6
0,240,5
5,396,5
4,105,5
5,685,3
2,110,5
4,119,4
2,027,5
1,659,4
1,651,3
0,651,5
4,101,4
2,397,4
1,658,5
0,183,3
3,066,3
2,020,4
3,686,5
0,210,3
3,123,3
4,201,4
0,105,4
5,222,5
4,471,3
0,004,5
0,018,3
2,693,2
1,006,4
4,020,4
2,666,4
4,429,2
2,151,2
3,149,2
3,676,5
4,209,6
0,667,4
1,099,5
0,176,5
4,158,4
0,204,3
1,012,3
1,669,4
3,397,5
5,128,5
4,188,6
2,699,5
2,656,5
1,211,2
5,659,5
5,466,4
4,007,5
0,105,5
0,098,5
0,090,5
0,017,5
0,050,5
0,101,4
1,476,5
3,651,4
5,659,4
3,156,5
2,668,2
3,119,3
1,209,5
5,397,3
3,181,4
0,061,3
1,185,5
3,249,5
5,429,3
1,497,4
2,105,3
3,119,6
0,105,4
5,450,5
5,681,4
5,079,2
2,395,4
1,020,5
4,699,4
0,699,2
0,179,5
0,160,5
1,651,4
4,199,5
2,395,3
1,209,3
0,467,3
5,020,4
4,119,7
3,666,3
3,105,4
5,200,5
0,684,5
0,013,4
5,181,3
5,006,4
3,464,2
0,450,5
0,667,3
5,658,4
5,669,1
5,461,5
4,666,5
3,193,4
4,699,6
5,651,5
0,666,4
1,128,6
3,209,3
3,699,3
0,210,4
5,476,4
3,189,5
5,094,5
4,654,4
3,683,5
5,466,5
2,666,4
4,673,3
1,092,4
3,216,5
4,215,5
1,397,5
4,106,5
2,042,4
1,696,4
4,670,4
0,224,4
1,185,3
4,699,3
0,212,3
0,101,3
3,687,3
0,215,4
0,215,4
4,693,5
2,105,5
0,128,4
2,461,4
4,659,5
5,215,2
3,698,5
3,651,5
5,156,2
4,055,4
5,674,5
3,203,0
0,101,3
1,128,3
5,660,4
0,105,4
4,020,4
1,129,5
5,096,4
5,208,5
3,185,2
3,209,3
0,005,5
2,096,5
4,487,5
2,454,4
2,660,5
4,161,5
1,693,4
0,249,5
5,079,2
0,258,5
5,682,4
4,105,5
5,072,5
0,010,5
3,395,4
5,048,4
4,006,4
0,476,5
1,651,5
4,103,6
4,128,5
4,651,4
5,395,2
5,251,2
4,589,4
3,216,4
3,670,5
3,699,2
0,479,2
4,659,5
5,131,6
5,099,4
1,669,5
1,696,3
3,697,3
0,665,3
3,165,5
2,419,5
2,159,5
1,651,3
0,699,3
5,216,4
3,105,6
2,092,5
1,085,4
3,113,4
0,667,4
2,072,4
3,052,2
1,460,4
4,658,5
0,202,2
4,216,3
4,699,5
2,685,5
3,466,3
4,211,3
1,419,2
4,160,4
4,657,4
0,129,4
4,675,4
0,061,3
4,240,4
5,105,5
3,048,4
5,685,5
3,696,2
5,685,4
0,061,5
4,200,4
4,263,2
0,076,5
0,105,4
2,253,2
0,128,5
0,101,4
1,240,3
5,185,5
5,211,6
3,419,3
0,211,2
3,696,2
0,002,2
4,699,4
0,185,5
3,211,5
0,654,5
3,454,6
0,020,5
3,128,4
4,201,2
0,678,4
2,673,5
4,667,4
3,675,2
4,203,2
0,658,5
1,245,3
0,460,5
4,229,4
2,160,3
3,209,5
5,651,3
3,669,2
0,521,5
4,095,5
3,666,5
5,152,4
3,659,4
4,685,5
4,226,3
4,165,3
5,651,2
2,119,4
4,101,4
1,226,5
4,245,4
1,500,5
3,104,4
4,696,4
3,667,2
3,653,5
5,229,6
5,409,5
3,397,5
3,209,3
1,651,3
4,395,5
3,674,5
1,106,3
0,010,5
5,656,6
0,126,4
0,096,5
3,673,4
3,666,5
5,476,3
0,467,5
0,653,2
5,225,4
3,043,3
0,653,2
5,100,5
0,669,6
5,216,5
5,469,2
0,170,5
2,668,3
0,651,4
5,132,3
4,187,5
3,051,4
4,018,5
5,101,2
1,689,5
0,656,4
0,096,5
4,016,5
3,466,3
0,651,3
0,006,6
2,003,4
1,678,4
3,664,3
2,100,3
2,211,5
5,655,5
0,431,5
3,104,4
3,401,3
2,224,5
1,009,4
4,699,4
3,215,3
3,128,2
5,696,5
5,135,4
1,670,4
2,669,5
1,669,5
2,176,4
4,152,5
4,681,5
4,088,3
4,668,5
4,107,6
3,094,5
0,521,4
3,696,4
3,687,5
1,653,4
4,105,2
3,006,2
5,133,6
0,149,5
2,680,5
3,662,2
4,470,5
5,669,3
0,051,4
4,662,2
5,018,4
1,055,6
5,232,5
5,665,4
2,699,4
1,128,3
0,681,5
1,039,2
3,699,4
2,240,4
1,651,5
1,658,5
0,106,3
1,654,2
4,673,5
5,676,2
4,185,3
4,178,5
1,694,4
0,105,4
4,160,2
5,699,4
3,051,5
1,668,5
4,470,5
5,469,2
0,127,1
5,209,4
4,668,5
1,204,4
5,659,4
5,181,3
4,655,4
3,466,5
0,699,4
0,106,5
4,688,5
0,669,3
3,699,4
1,654,5
0,138,4
4,667,3
5,651,4
5,128,4
5,666,6
5,657,5
5,260,4
4,013,5
2,120,4
2,129,5
1,203,4
5,658,3
3,467,5
5,108,5
5,185,4
0,101,3
5,076,5
0,020,4
0,158,5
5,242,6
3,226,3
1,469,2
4,668,3
4,119,3
1,139,4
4,123,5
3,469,3
0,056,4
3,699,4
2,685,4
0,104,3
3,020,5
5,148,5
4,685,5
2,454,5
5,028,3
3,651,5
4,209,2
2,154,4
4,107,5
0,003,2
3,478,2
0,651,5
5,095,5
4,039,3
3,209,4
5,676,4
1,105,5
0,037,5
3,699,5
0,170,4
5,128,5
3,128,4
5,159,4
5,155,5
5,660,1
5,657,5
0,251,2
0,003,3
5,077,4
5,699,3
3,699,4
2,490,6
2,109,3
1,667,4
5,696,3
4,200,1
1,685,6
0,007,3
1,651,5
5,005,5
2,018,5
1,201,5
2,228,2
3,466,3
0,209,3
1,130,4
1,682,5
0,119,2
4,513,5
4,651,5
1,152,4
2,105,2
4,471,5
0,460,4
3,547,3
4,044,2
0,138,4
4,699,3
3,699,5
5,655,4
4,651,3
4,211,4
5,675,3
4,401,4
4,454,4
3,107,4
3,095,3
3,152,5
3,204,4
4,699,4
2,556,5
5,699,5
0,233,3
1,100,4
3,090,5
4,515,2
1,669,5
2,667,5
1,695,3
5,669,4
2,696,4
4,674,3
0,659,3
1,684,3
1,157,5
3,673,4
3,395,5
0,105,2
5,039,4
1,160,5
5,072,4
4,660,2
5,698,2
5,039,3
4,189,4
2,189,5
3,688,5
1,101,3
0,479,5
5,029,4
4,395,2
4,659,3
0,243,3
5,198,4
3,213,5
5,040,6
0,210,4
0,154,6
2,002,4
2,002,3
4,659,4
5,105,6
4,020,2
5,243,2
4,552,3
3,138,2
4,246,4
5,176,3
1,211,3
0,249,2
2,104,4
5,232,6
1,129,3
4,006,4
3,666,4
2,020,3
2,660,2
1,479,2
2,654,4
5,416,3
5,213,4
5,660,2
0,217,5
4,476,5
2,666,4
3,128,5
0,651,4
2,101,4
4,669,5
2,059,3
5,171,6
4,699,5
5,100,4
5,109,6
2,653,5
5,651,4
2,018,2
5,085,5
4,129,5
4,203,3
1,186,5
0,395,5
3,659,3
3,669,4
5,655,4
0,660,2
0,043,4
4,020,4
5,675,6
0,262,5
2,680,4
1,107,4
4,160,5
0,212,4
3,694,5
5,466,4
0,181,5
1,651,5
4,199,4
1,656,3
1,136,4
5,651,2
5,262,5
1,095,3
0,155,4
0,025,5
2,556,3
5,218,5
4,133,4
4,149,4
0,685,5
4,666,5
1,067,5
1,105,5
0,693,5
4,667,4
1,687,2
0,153,4
0,190,3
0,469,3
5,098,4
5,660,5
2,240,3
3,466,2
1,101,2
0,395,4
2,105,2
5,101,3
1,211,4
0,699,3
3,129,5
3,678,4
0,673,5
1,657,2
0,003,4
2,108,3
5,681,4
3,666,4
4,651,5
1,653,2
0,020,3
1,167,4
0,460,3
3,003,4
2,139,5
2,667,5
4,416,5
5,675,4
3,155,2
1,072,2
4,006,3
2,653,5
3,401,0
1,001,4
0,651,3
2,651,3
4,200,3
1,460,5
4,651,3
0,660,3
5,586,5
4,667,5
1,161,3
4,409,2
2,670,4
1,693,3
4,128,3
2,698,4
4,185,5
5,466,3
5,107,4
0,105,4
0,163,5
3,107,2
4,119,5
1,409,5
0,160,4
3,110,5
5,655,4
3,108,5
0,210,4
4,651,4
3,105,3
3,404,5
1,395,5
2,211,4
0,026,4
2,218,3
4,401,5
0,666,5
4,667,2
0,699,4
3,429,3
1,096,2
0,211,5
4,666,5
4,181,4
5,181,5
5,666,3
5,211,5
5,211,4
5,659,6
1,048,4
1,009,5
1,416,5
4,699,3
1,669,4
0,682,5
3,687,6
2,695,3
3,651,5
0,666,5
2,153,4
1,185,4
2,658,3
0,450,5
5,667,4
0,101,2
5,699,5
4,105,5
0,098,5
5,228,3
4,689,5
4,669,3
4,454,2
4,096,3
2,669,3
0,153,6
4,136,6
4,204,4
1,151,5
3,575,3
0,232,4
2,052,1
4,666,2
2,699,4
4,104,3
5,655,2
5,094,5
4,070,4
4,404,4
1,208,5
0,667,3
1,451,4
0,590,4
1,698,5
3,666,5
4,007,4
4,107,4
4,198,3
4,500,3
3,669,6
5,048,5
4,675,3
0,194,5
0,653,3
0,653,4
0,129,2
5,105,5
4,575,4
2,121,5
5,228,4
2,132,3
4,651,3
4,161,4
4,666,3
4,241,4
4,020,5
5,668,5
3,104,3
4,395,6
0,466,2
5,165,3
5,055,5
4,055,4
3,682,3
4,151,5
1,006,3
3,676,3
3,676,5
4,161,4
1,055,5
2,674,5
2,036,3
0,071,5
5,666,5
2,051,3
1,172,3
4,404,4
4,039,3
3,014,4
4,466,4
5,160,5
3,129,2
5,198,5
0,020,6
0,020,2
0,121,5
3,675,4
0,123,4
1,683,5
5,189,4
4,218,3
2,693,4
3,395,4
4,161,2
0,699,4
1,213,5
3,655,5
4,695,5
4,212,2
2,454,4
5,007,4
0,211,3
0,052,5
0,669,5
5,150,2
2,479,3
3,123,3
5,460,5
3,074,5
3,651,5
0,201,5
2,105,2
2,460,4
1,007,4
5,464,3
1,653,5
3,658,4
4,479,4
5,653,3
1,232,4
5,041,3
0,129,3
1,673,3
3,048,5
5,227,5
5,105,2
2,105,3
5,669,5
4,144,4
1,395,5
3,651,6
2,057,4
4,651,5
3,100,5
5,685,5
2,660,5
0,098,5
1,653,5
5,094,4
2,131,2
2,133,5
0,185,5
4,651,3
4,461,4
0,656,4
4,228,2
5,668,4
2,521,4
1,230,3
5,654,4
0,114,4
5,177,4
1,216,2
0,673,5
3,667,2
0,072,5
1,236,3
2,699,3
1,651,5
5,211,3
4,267,3
3,681,5
0,667,5
4,586,4
5,500,4
3,219,4
1,678,5
3,675,5
0,500,4
2,500,5
1,016,3
1,181,4
0,216,2
1,667,2
0,673,2
4,161,5
1,044,5
0,656,5
0,128,5
3,651,4
3,105,5
5,082,6
2,256,5
2,670,3
3,654,4
0,079,5
4,666,4
0,651,4
4,217,2
0,051,4
2,232,5
3,668,4
2,020,4
3,220,4
5,659,5
4,660,3
4,699,5
5,219,5
5,469,4
5,086,2
5,217,2
5,105,3
2,556,3
5,651,1
2,454,5
2,105,6
3,104,4
4,186,5
0,128,4
1,183,6
4,454,5
1,471,4
1,653,5
5,193,2
4,010,3
5,248,3
5,655,4
0,213,4
3,696,4
2,681,4
4,061,4
4,470,5
4,006,3
4,082,5
0,653,4
1,655,3
2,104,4
3,189,3
3,220,3
4,657,4
0,226,5
0,651,5
1,211,4
5,186,2
5,040,3
0,202,4
0,066,4
2,457,4
4,653,5
4,653,2
0,212,2
2,128,5
3,659,3
5,699,3
0,219,6
1,457,3
4,694,3
1,699,5
5,238,2
4,239,4
4,003,6
4,226,4
5,660,4
4,123,4
0,131,3
3,674,3
5,681,5
5,189,4
0,189,3
0,051,3
0,669,4
5,659,2
5,401,2
4,043,4
4,698,5
3,698,3
5,651,5
2,020,5
5,133,3
2,096,2
2,157,5
4,231,3
1,667,4
0,053,5
5,076,3
4,122,4
0,012,5
2,123,3
1,119,4
0,654,4
5,020,4
0,062,5
5,109,2
5,429,2
0,128,3
0,651,3
4,213,5
4,666,5
3,118,4
0,095,3
0,666,5
4,696,5
2,207,3
0,170,3
4,035,5
5,011,5
1,065,5
0,105,2
1,172,3
4,018,5
5,020,2
4,698,5
3,097,2
3,651,4
5,699,2
5,670,6
1,098,4
4,061,4
5,181,2
1,102,4
4,218,4
4,264,4
5,015,2
2,232,4
4,509,2
0,218,4
5,048,4
4,050,3
0,479,5
0,101,4
4,203,2
2,203,4
0,116,3
3,626,3
3,216,3
1,395,4
0,002,5
2,658,2
1,128,5
2,050,2
1,431,3
2,651,5
4,651,2
1,681,5
1,055,5
4,156,5
1,108,3
3,666,5
4,133,5
5,101,7
0,460,4
5,675,3
5,653,4
1,090,3
1,199,4
3,653,4
1,676,2
3,133,6
0,101,4
0,457,5
5,457,4
3,211,3
2,218,4
1,675,4
4,127,3
4,253,4
5,651,4
0,218,5
5,659,3
3,181,4
2,651,2
4,466,5
5,090,4
1,699,3
0,203,2
0,094,4
5,117,2
4,653,4
4,133,5
0,156,5
4,673,5
4,397,3
5,105,3
0,106,4
0,545,6
0,689,4
3,128,3
5,696,3
1,673,3
2,656,4
4,181,3
2,669,5
1,651,4
4,105,4
3,670,5
5,673,5
2,401,2
3,004,5
0,460,4
2,479,4
1,023,4
1,685,2
3,096,5
2,208,2
1,211,4
0,699,4
4,105,5
0,165,4
3,203,5
0,106,3
0,180,3
2,006,5
3,095,4
4,669,4
1,042,3
0,198,4
2,651,3
2,651,5
5,061,4
4,213,4
2,666,4
4,240,3
5,478,4
2,556,5
5,176,2
0,674,4
1,007,5
5,651,3
1,695,4
1,206,4
3,213,5
1,105,5
4,395,4
3,118,4
5,129,4
2,249,2
1,669,4
0,685,5
5,042,4
5,152,5
5,050,3
0,070,5
3,699,3
4,042,4
0,613,3
0,052,2
4,659,4
3,416,5
0,196,5
0,651,3
1,675,4
5,651,5
5,432,2
4,699,5
3,669,2
3,675,5
3,694,5
1,669,7
2,466,4
1,213,4
1,500,2
0,043,4
4,128,3
5,128,3
0,105,3
0,153,4
0,020,5
0,179,2
4,669,2
5,432,2
4,684,3
5,674,0
4,675,4
0,682,5
4,451,4
5,048,4
3,104,3
4,680,3
3,556,5
5,667,4
0,244,4
5,160,5
5,101,3
5,101,5
2,057,3
0,105,3
0,082,3
4,042,4
0,252,3
4,182,4
1,664,5
4,670,4
4,104,6
3,660,5
5,667,2
4,685,3
5,172,3
0,556,3
5,219,5
3,667,5
1,699,3
4,226,3
4,101,3
0,693,5
1,675,4
5,668,5
5,556,3
5,510,5
2,586,2
5,651,2
0,217,2
4,409,4
3,476,4
5,651,3
3,651,3
5,210,1
5,202,1
0,675,4
4,163,4
1,105,4
4,218,4
0,675,4
1,675,4
3,211,5
3,695,5
3,133,3
4,105,6
4,656,5
2,082,3
5,669,5
0,659,5
3,033,4
2,128,4
1,241,4
0,225,5
1,209,4
4,467,3
0,467,3
1,154,2
5,666,3
3,018,2
2,179,5
0,105,2
5,048,4
5,153,5
0,222,4
3,401,2
3,007,5
2,165,5
5,149,4
2,050,4
5,659,4
1,217,5
5,666,2
3,470,5
4,696,3
2,105,2
5,103,2
3,020,5
0,086,2
5,031,5
2,204,4
5,020,3
0,264,2
4,666,2
3,020,4
0,653,2
3,673,5
4,404,2
0,005,5
2,651,5
0,673,4
5,461,4
1,006,3
5,696,3
4,669,6
4,682,5
2,227,2
1,556,4
0,651,4
5,395,2
5,101,5
5,220,1
4,108,5
3,159,4
0,686,3
5,233,3
1,189,3
5,123,5
3,669,5
4,114,5
0,466,3
5,697,5
1,651,5
5,451,5
0,020,7
0,651,4
0,653,5
5,186,2
2,659,4
4,429,4
2,457,4
1,466,3
2,651,3
2,682,7
3,673,4
0,155,5
5,204,5
1,204,3
1,667,4
5,681,6
0,651,5
2,668,3
0,207,4
4,192,4
3,395,6
4,669,5
0,693,5
1,151,3
4,670,3
5,172,4
4,107,4
0,656,6
0,194,6
5,061,5
3,128,3
4,654,5
0,651,2
4,046,5
2,651,5
4,668,4
4,673,6
0,469,3
1,032,5
3,651,5
2,106,5
4,657,4
5,409,3
3,020,4
4,454,3
2,213,3
2,007,2
4,659,3
4,118,5
5,670,4
0,185,5
1,660,4
4,651,2
0,153,5
4,109,4
5,204,4
1,651,3
2,651,2
4,101,5
5,039,3
1,670,2
0,666,5
2,676,5
4,653,3
1,110,5
1,020,3
5,115,4
5,654,4
0,193,3
5,667,4
4,180,5
2,666,5
3,215,3
5,673,2
1,050,5
4,657,5
5,153,5
1,005,3
5,044,4
5,220,5
5,409,5
0,242,4
3,658,5
2,685,1
5,651,2
5,105,5
0,670,3
5,119,5
3,212,5
2,123,4
5,678,5
5,220,4
2,552,4
3,216,3
3,699,5
0,186,4
4,201,4
5,020,5
5,660,3
5,657,5
5,123,2
4,156,4
1,464,5
3,658,4
4,182,5
5,678,3
4,120,5
0,105,5
1,114,5
0,471,4
4,655,5
0,224,2
2,451,5
1,149,5
5,217,5
2,165,2
0,048,3
0,200,4
3,490,4
4,651,5
1,476,2
4,683,6
5,669,6
0,048,5
2,061,2
0,222,5
5,146,4
1,137,2
1,669,3
3,215,5
0,118,5
2,209,1
0,028,4
4,155,4
1,669,5
0,660,3
5,209,5
4,179,6
5,013,5
5,189,2
4,651,5
1,460,2
5,454,5
0,165,5
3,196,3
2,653,5
3,677,3
0,404,2
5,151,4
3,659,5
4,236,5
4,467,5
5,062,3
3,670,2
4,156,3
0,651,3
4,698,3
3,675,4
2,656,2
5,230,5
2,181,3
4,203,2
4,074,2
3,007,4
0,128,4
1,651,3
0,651,5
2,687,4
1,699,5
4,165,5
5,129,4
4,675,3
2,185,3
3,217,5
0,699,4
4,464,5
0,205,4
4,128,5
5,513,4
3,651,3
5,668,3
4,479,4
4,395,4
3,699,3
0,461,5
0,003,3
3,659,3
1,396,5
4,470,3
5,556,2
4,653,3
5,119,5
0,227,3
2,699,5
3,658,5
5,103,4
0,410,7
5,015,4
3,670,4
0,169,5
0,682,5
1,479,3
1,185,3
0,033,4
4,220,5
5,179,4
4,683,4
4,181,3
3,699,4
5,659,5
4,668,5
4,105,3
5,209,5
5,107,4
2,094,4
5,517,5
3,660,5
3,666,4
5,165,5
2,179,3
3,698,3
5,204,3
4,699,5
5,020,4
5,651,4
1,668,3
1,660,5
5,107,4
3,651,3
4,213,3
5,451,5
4,165,5
3,068,2
1,669,5
1,162,3
0,006,5
4,030,4
0,209,2
2,230,4
0,685,5
4,432,5
0,105,4
3,213,5
5,673,5
1,189,2
0,669,4
5,226,5
1,069,5
5,217,5
4,118,4
4,186,5
2,651,4
3,007,4
1,240,2
2,667,5
4,651,2
5,128,2
1,667,6
1,654,5
5,669,5
5,466,5
0,116,5
4,194,3
5,099,5
1,675,5
1,003,3
3,166,4
2,020,3
1,659,5
5,651,4
3,688,6
5,105,5
0,404,5
1,653,4
3,138,4
0,662,4
1,212,4
5,660,4
1,668,3
4,153,5
2,656,3
5,670,5
1,395,2
3,651,4
5,160,3
0,052,6
0,162,5
5,090,5
2,454,3
4,450,6
0,497,4
2,042,5
4,682,4
0,698,4
4,691,3
0,699,4
0,120,5
4,253,5
5,042,3
3,575,4
2,460,2
0,678,3
5,498,5
1,416,5
1,189,3
4,211,5
4,651,5
0,674,5
4,209,4
4,020,2
3,201,5
1,128,4
1,673,2
5,659,4
3,020,3
5,100,6
1,251,4
3,666,5
1,020,6
1,007,4
1,122,5
3,401,4
3,460,5
1,409,5
2,466,6
3,020,3
0,667,5
0,669,4
0,450,6
1,123,6
2,656,4
4,014,2
2,651,3
4,522,2
0,097,5
5,487,4
4,668,3
0,539,4
0,667,5
2,651,4
5,669,4
0,123,3
0,190,3
0,209,4
2,651,3
4,696,4
1,054,5
3,651,5
0,651,6
1,105,3
0,199,5
5,696,5
4,240,2
1,691,2
4,699,2
0,055,3
4,052,3
5,020,5
5,085,5
5,660,3
4,128,4
2,653,3
3,658,3
4,432,6
4,658,6
4,006,3
0,006,4
0,651,5
1,460,5
1,479,5
0,203,5
5,651,5
3,479,2
5,659,3
3,096,5
4,073,3
2,675,3
2,660,5
4,660,4
5,695,2
5,686,3
4,699,5
4,149,5
5,105,6
1,169,3
0,651,5
1,694,3
3,105,5
3,490,3
2,659,3
0,123,4
1,654,4
5,240,3
2,678,5
5,209,4
3,217,4
3,039,4
4,671,3
4,154,2
2,669,6
5,651,3
2,189,3
0,255,4
4,014,4
2,699,2
1,699,5
4,059,2
3,409,6
4,132,2
4,160,5
3,651,5
3,048,3
0,018,4
0,651,4
2,469,4
4,208,4
4,264,3
1,202,4
5,050,5
0,216,5
3,651,5
5,476,5
1,133,5
0,238,5
2,041,5
5,005,4
3,670,5
4,105,5
2,684,3
0,039,5
5,666,6
2,118,5
3,118,5
0,658,3
1,105,3
4,675,2
5,659,5
3,699,2
3,213,5
5,152,4
5,038,3
3,050,5
5,080,4
5,659,2
4,189,2
0,229,2
5,575,3
0,217,5
1,651,5
0,651,4
1,105,5
4,213,5
0,197,1
4,662,3
5,651,4
2,651,4
4,257,3
0,036,3
3,676,5
1,187,6
5,233,5
1,015,2
1,250,5
5,170,4
5,006,5
2,033,5
4,096,3
5,105,4
3,651,3
4,004,4
4,670,3
1,209,4
1,666,4
4,487,3
1,450,3
4,126,3
4,019,5
4,675,2
0,007,5
4,668,5
3,212,3
3,219,3
5,102,4
3,666,5
3,105,5
0,025,3
0,183,2
0,263,5
0,654,4
4,666,2
0,451,4
4,103,5
3,655,4
3,116,4
3,690,4
5,666,2
0,660,4
2,660,4
4,210,5
2,699,1
5,681,4
2,203,4
3,658,3
0,694,5
4,035,3
1,673,5
3,660,4
5,697,6
2,061,2
2,002,5
3,101,5
2,651,5
3,451,5
0,688,4
0,027,3
0,062,3
4,660,7
1,653,3
0,230,4
0,244,4
4,198,4
4,651,5
3,208,2
5,003,4
3,676,4
0,676,3
5,676,3
5,081,3
5,669,4
0,693,5
3,673,5
3,165,5
2,651,3
5,090,5
4,216,5
0,669,4
0,460,2
0,109,3
5,043,4
2,028,3
0,653,4
5,199,3
0,092,5
2,161,4
4,105,4
0,119,2
2,454,4
3,667,5
0,454,4
5,151,0
5,125,5
3,101,2
0,556,5
0,167,3
5,653,3
1,209,4
2,404,2
0,539,5
4,651,3
2,218,4
4,057,4
2,656,4
3,200,4
2,228,5
1,699,3
2,670,5
4,545,4
2,160,3
5,669,5
4,490,3
5,490,3
0,128,2
2,105,5
4,404,5
2,469,6
4,209,4
3,006,5
1,048,3
2,659,4
3,454,3
3,108,5
0,666,5
3,055,6
1,666,5
4,651,4
3,682,4
5,651,4
0,666,4
3,241,4
3,132,4
0,228,4
5,395,5
3,156,3
4,007,4
4,128,5
4,658,3
5,109,3
5,699,2
5,105,5
4,522,2
3,118,4
1,682,6
2,682,5
4,668,4
4,469,5
5,651,6
1,213,5
3,467,6
5,699,3
3,209,2
4,207,5
5,401,4
0,395,6
2,409,5
0,135,4
3,651,5
5,651,4
1,669,3
5,128,5
4,129,5
5,669,4
0,186,2
5,160,5
3,680,4
3,059,4
0,675,5
3,660,3
3,048,3
5,404,2
3,156,5
0,669,4
2,220,2
0,096,3
5,004,4
5,123,4
1,010,4
1,670,5
0,028,4
5,020,5
0,240,0
5,118,5
1,096,5
5,699,4
4,170,4
5,521,5
0,160,2
4,187,4
0,454,4
2,669,3
1,003,4
5,221,4
5,466,5
3,209,5
5,139,2
5,467,4
5,226,5
2,190,5
4,409,5
0,466,5
1,669,5
0,144,2
1,006,3
4,675,2
1,199,4
5,096,5
0,694,5
5,054,2
5,122,4
1,020,3
4,203,5
5,220,1
2,699,5
1,096,4
3,040,2
3,669,3
0,670,3
4,039,2
1,651,5
0,153,4
0,119,3
5,651,6
3,659,4
5,651,4
1,261,2
0,020,5
4,096,4
3,253,4
0,264,5
5,682,2
4,176,5
5,669,5
4,238,3
4,476,3
5,104,2
3,133,5
0,220,5
0,032,2
5,185,3
4,666,4
5,660,5
1,069,4
0,166,3
0,660,5
5,137,3
5,185,3
4,113,7
4,154,5
4,698,4
1,186,3
0,670,2
5,203,4
3,658,4
1,167,4
0,467,3
4,693,4
5,693,3
1,659,3
4,460,3
3,006,4
3,041,2
2,675,2
3,181,3
5,104,3
4,228,5
4,669,5
3,664,3
4,005,2
0,217,5
5,097,4
4,246,4
3,011,4
5,668,3
4,123,2
4,657,4
0,659,2
5,666,4
3,651,2
5,669,1
0,454,5
4,666,3
0,651,5
3,460,5
2,061,3
2,673,3
0,669,5
4,479,4
2,454,2
1,147,5
1,103,2
3,670,4
0,252,4
5,479,5
0,666,4
2,693,3
2,395,4
4,675,5
5,457,5
5,123,4
5,668,5
2,675,2
5,227,5
1,466,4
0,061,2
0,061,2
5,168,5
5,090,4
3,160,5
2,651,4
0,152,2
2,652,4
1,694,3
3,669,5
0,183,5
1,655,2
0,144,4
2,682,5
1,251,4
5,105,4
4,211,5
2,667,3
0,107,2
4,043,6
4,395,2
5,666,4
5,028,5
0,020,3
5,189,3
4,215,4
5,116,5
5,115,3
1,105,5
3,123,4
4,129,2
2,686,5
3,004,5
5,651,5
1,651,4
4,051,5
0,699,5
0,699,2
5,105,3
2,110,5
0,018,5
0,699,5
1,183,5
1,107,5
0,651,4
5,699,5
4,676,5
4,451,3
2,007,5
1,659,3
2,659,3
3,675,4
2,100,4
1,160,4
5,119,2
0,249,4
4,048,5
3,003,3
3,143,3
4,178,2
5,003,5
3,666,3
0,105,5
4,669,4
4,160,4
1,128,5
4,212,4
2,198,4
2,660,4
4,181,5
3,659,4
1,660,4
4,693,5
3,035,5
1,677,3
3,669,2
5,696,5
4,666,4
3,669,3
4,672,2
5,667,5
0,397,3
2,660,5
2,699,4
4,198,5
0,657,3
0,220,4
4,669,3
1,208,5
0,669,2
3,397,4
0,219,4
4,664,4
0,154,4
4,133,5
1,248,4
5,396,5
0,215,3
5,672,5
3,209,4
2,039,4
0,681,1
5,409,5
0,694,3
3,680,4
0,105,5
0,064,5
0,227,4
5,219,5
4,556,4
4,107,3
3,054,4
5,151,5
5,678,3
4,092,3
1,101,2
0,034,5
0,466,4
1,699,5
3,667,5
4,196,5
1,556,4
5,479,3
4,105,5
0,266,3
0,018,4
5,669,4
4,061,5
4,216,3
5,020,6
3,219,5
5,199,4
3,659,4
0,653,5
0,020,5
5,669,4
4,397,3
0,668,6
4,118,5
0,118,3
0,673,3
0,659,3
3,211,2
4,079,4
0,687,4
4,669,3
2,016,5
5,693,5
2,696,4
0,105,3
0,006,5
4,651,6
3,666,5
4,156,5
2,198,4
3,467,6
5,006,3
4,397,5
4,478,3
3,651,5
4,007,1
4,211,5
3,162,5
2,107,4
4,678,5
0,109,4
5,230,4
0,669,3
1,007,4
0,090,5
4,454,5
0,061,4
4,101,6
0,651,5
3,185,2
5,133,5
0,016,5
0,199,4
4,660,5
0,007,3
4,071,2
0,205,2
0,247,3
0,255,5
5,651,3
4,101,4
2,124,4
4,513,5
0,105,2
2,479,4
4,105,2
3,669,5
0,651,5
5,160,3
2,160,3
5,460,3
5,209,3
4,101,4
0,073,5
3,038,4
4,107,6
3,460,4
5,129,6
0,101,3
4,668,4
0,673,5
2,670,2
4,149,3
0,685,4
2,167,4
1,043,5
1,110,5
3,213,6
0,205,2
1,096,5
3,660,3
3,101,4
0,660,3
4,006,5
5,154,5
0,655,5
4,666,6
2,119,4
0,699,3
0,213,3
4,231,2
4,466,5
3,265,5
5,466,5
4,054,4
3,217,5
1,006,5
5,693,2
1,006,3
1,671,5
3,101,3
1,161,2
0,204,4
0,651,4
3,655,2
3,470,4
0,656,3
4,395,5
0,102,4
4,670,3
5,226,4
5,654,4
5,698,5
0,205,3
5,086,5
5,675,2
1,105,6
1,020,5
1,513,2
0,052,5
5,651,5
1,675,2
0,669,4
2,128,3
2,101,4
2,171,5
3,651,3
5,686,3
0,053,3
1,397,3
0,666,5
2,454,5
1,105,4
0,466,5
0,123,5
0,653,1
3,096,4
1,660,4
1,667,5
0,020,5
2,118,5
5,651,5
2,668,2
5,249,4
1,699,5
3,020,4
2,107,3
0,651,4
5,006,3
3,006,4
3,109,5
4,105,4
4,096,1
1,684,5
4,007,3
5,020,4
0,135,4
0,162,6
5,667,5
1,104,2
2,487,4
0,666,4
1,651,5
5,144,5
1,243,4
4,217,4
0,123,2
5,129,4
4,698,3
5,039,3
0,106,2
3,205,5
0,696,5
0,149,3
5,651,4
5,682,5
5,675,2
0,651,1
3,669,4
1,675,4
5,039,4
0,105,3
0,404,5
0,467,5
5,680,4
3,674,5
4,699,7
4,667,2
5,102,2
5,136,2
0,108,5
0,004,4
1,159,4
5,039,6
4,669,2
5,104,5
5,174,4
0,128,6
0,697,3
5,035,5
3,146,3
4,653,3
4,651,5
4,020,4
3,674,4
0,113,2
1,552,7
0,216,5
5,161,4
0,128,5
5,233,4
2,664,3
0,451,5
1,666,3
4,055,6
2,659,4
2,466,4
5,513,2
4,203,4
2,656,4
5,075,5
2,698,4
1,658,3
0,020,5
1,007,3
4,105,4
3,101,5
0,674,3
3,095,4
4,120,4
3,651,5
0,659,4
0,203,5
4,699,4
5,397,5
0,209,5
5,397,3
4,215,4
2,467,4
5,108,4
0,217,6
4,454,6
4,654,3
1,651,2
4,657,3
3,100,5
3,101,3
5,666,3
4,659,3
0,653,3
4,654,5
5,457,3
3,209,5
3,159,3
3,226,4
4,028,6
4,105,3
4,133,2
4,105,4
1,697,4
5,018,4
0,216,5
3,688,2
5,104,5
4,175,4
5,688,5
3,151,5
2,006,5
0,696,5
5,669,5
1,216,4
0,128,5
3,395,5
1,038,2
1,103,4
0,058,2
5,240,3
2,095,5
4,651,2
2,095,3
3,120,5
5,673,6
0,156,4
4,659,5
4,675,3
4,003,5
0,212,5
1,115,2
3,432,3
5,667,3
4,201,5
0,659,5
4,653,2
4,401,3
0,651,4
3,683,4
2,225,4
0,020,3
0,027,4
5,651,4
5,669,4
5,013,4
2,020,3
5,416,4
2,055,3
0,653,5
3,218,5
1,238,2
5,658,2
3,416,6
0,404,4
1,105,5
2,669,5
4,020,3
5,232,5
1,020,3
1,083,5
2,662,4
2,662,4
4,395,5
0,669,3
5,211,3
2,216,4
5,667,5
4,101,5
5,240,5
4,431,4
2,395,3
5,651,5
2,055,2
4,450,4
5,007,4
5,007,3
5,395,4
4,100,2
4,404,3
0,133,5
4,668,5
0,695,2
2,673,4
5,059,3
4,651,3
5,020,2
0,651,2
4,670,4
0,109,5
0,034,4
4,249,3
4,396,3
0,651,4
4,410,4
3,061,4
5,100,5
4,165,4
2,651,4
4,466,4
5,466,5
1,196,5
4,669,3
0,111,4
4,097,4
5,145,6
5,675,5
3,656,5
4,675,2
0,095,5
5,105,2
3,105,3
1,669,2
0,020,4
0,224,3
0,666,4
5,454,5
0,203,5
2,660,4
3,159,5
4,461,4
3,699,2
5,431,5
4,666,5
3,687,2
5,037,3
2,136,4
3,200,4
5,454,3
3,669,3
0,240,4
4,241,5
5,687,4
5,186,4
1,140,6
3,054,6
4,476,5
2,667,2
5,675,5
1,699,4
4,687,2
2,687,5
1,687,2
0,023,3
2,681,5
2,666,4
5,653,2
1,105,5
2,454,4
5,698,4
0,018,2
2,575,5
4,240,3
4,008,3
3,179,3
3,209,3
5,213,6
5,669,3
3,007,2
3,461,2
4,651,3
5,693,5
4,108,4
3,078,2
2,651,4
2,395,4
4,197,4
0,020,3
0,187,4
3,152,4
5,152,5
4,162,4
0,238,3
